21
15 475 25
14 238 14
17 80 10
24 425 25
19 224 14
3 396 22
17 19 1
22 120 5
2 75 25
5 95 5
22 52 13
13 96 24
17 198 18
1 55 5
24 504 24
24 550 25
15 240 15
14 462 21
24 240 12
13 198 9
25 90 10
14
24 21 7
23 120 24
24 378 21
23 384 24
10 315 15
7 104 8
21 16 1
20 484 22
5 304 16
3 152 8
18 39 13
3 52 13
24 88 4
17 187 17
1
23 9 1
6
21 500 25
23 176 11
4 48 6
7 360 20
20 20 5
5 46 23
25
7 90 9
4 198 9
18 200 10
22 69 23
11 80 16
14 330 15
6 150 6
13 126 7
1 34 2
14 8 8
16 110 5
10 125 25
21 30 2
22 273 21
8 72 8
14 154 14
25 280 14
20 600 25
16 360 24
2 121 11
14 110 5
16 40 20
25 108 9
23 60 15
22 21 1
125
8507 0 6867
1728 0 1317
4918 6408 712
5299 0 9674
727 0 7729
1945 3562 3562
6516 0 5070
3340 0 8588
4665 0 6553
4493 9331 217
9995 4787 4787
5924 0 4518
4077 2445 489
9533 0 8494
2579 3650 3650
5492 4594 2297
3536 5248 328
786 4779 4779
5343 0 7653
1334 0 6447
1493 0 6816
5293 0 6886
3787 0 2003
393 0 4017
2154 2556 1278
4469 8868 739
8809 0 3775
9321 0 8846
7581 0 6025
7969 4371 4371
5749 0 9201
513 0 7193
4802 0 7573
4004 0 7823
2468 4116 4116
6892 3227 3227
7924 0 7944
4557 2000 2000
5297 0 1876
3698 0 9509
9835 0 6900
2154 0 4166
2751 0 9344
2835 0 5200
4026 3320 3320
8800 0 4059
7803 0 5859
2492 0 4581
6918 0 5733
1464 3360 840
7450 5466 2733
2903 0 6106
249 0 2535
7707 0 2017
3057 0 3935
8405 0 3911
8956 6840 360
8135 0 9978
7963 6156 2052
3539 0 4284
7769 7945 1135
2811 0 9551
5548 0 8617
7311 0 2863
6505 0 7432
6876 0 7246
6143 5528 1382
8185 4345 395
5324 1631 1631
5342 8208 342
1187 0 8471
8340 0 7849
7406 0 9837
5349 5800 1160
2545 0 7757
5027 0 8348
3944 0 6182
1076 0 6028
1508 0 1974
8533 0 7162
8405 3186 3186
2622 1822 911
1918 0 4357
4235 0 6817
1546 0 5045
3403 1709 1709
3331 0 6612
1375 0 2846
1891 0 8261
9322 0 3235
9513 0 9226
9517 0 6134
4331 0 8090
7267 0 7815
1913 0 8269
5290 0 8572
7663 0 7185
4084 0 4596
6504 0 9098
3477 4964 146
274 0 2142
9097 0 5647
319 0 5449
7934 6948 772
7976 3792 474
4586 0 9865
9009 0 6503
3924 8055 895
5769 0 4552
9523 0 8806
4723 0 6877
8990 0 1691
7389 2057 2057
6746 0 7984
9890 2310 2310
8132 2354 1177
3643 0 8503
4138 2591 2591
5945 0 5516
3775 0 9932
9621 0 7036
8870 0 8715
513 3620 1810
378 0 9475
8346 0 8070
125
179 7218 1203
2191 6538 467
3485 0 7654
7611 0 7326
8668 5680 1420
5300 0 3609
6583 0 6537
5923 4464 2232
318 0 9873
7923 0 3730
3699 0 2667
2597 6008 3004
9913 0 8742
8868 7191 423
5562 0 4681
6897 6454 3227
2832 0 7675
8739 0 9670
3979 0 6026
7111 0 5973
1677 4408 2204
8072 0 5748
9465 0 8995
18 2033 2033
5107 0 7413
2047 0 6189
4598 0 8364
4662 0 7008
6230 0 9084
3519 0 7164
4645 0 6169
8192 3478 3478
8298 0 4738
2015 0 7485
3131 4044 1011
1099 0 5107
9926 3244 811
330 2514 2514
9197 5612 1403
7421 0 8678
1465 8526 406
4575 0 9103
7971 2063 2063
3018 0 5556
5082 0 3468
6991 6440 3220
1208 0 6791
3961 0 9748
2049 0 9814
9384 0 8398
9595 0 3912
1740 4586 2293
2827 0 8415
9317 0 9070
1200 0 2062
7119 0 5181
4142 4312 616
8617 0 1596
8406 3901 3901
7861 0 8700
4031 0 5956
6167 0 4033
655 4711 4711
2209 0 6911
3013 4108 4108
5609 3732 311
8810 0 1966
6147 2419 2419
359 0 6931
8135 3936 3936
430 3592 1796
4896 4670 4670
2412 7521 327
6983 0 8369
4281 0 6524
402 8532 948
4596 5211 1737
1263 0 7580
6506 0 8030
9788 6150 3075
5112 3428 3428
6007 0 7671
5141 0 2819
2160 4725 945
8271 0 7865
1550 0 5153
3750 0 7304
5509 0 9775
7958 8325 1665
5540 3849 3849
3190 0 8547
1187 0 7109
7744 0 6407
9619 0 9324
547 0 5781
7802 0 9038
1987 2697 2697
8927 4279 4279
5393 0 5000
1647 0 5286
636 0 4152
5257 0 3998
1459 0 6198
3297 0 5165
8046 6528 3264
5339 0 7720
7309 3772 1886
2193 7714 406
3394 0 5109
2287 1519 1519
7034 0 4562
7402 0 9773
2948 0 6900
2814 0 5459
7431 0 8427
5522 5548 2774
9711 0 2095
8893 3034 1517
5255 0 3678
455 0 9098
5337 0 8794
8671 3368 1684
2005 0 6719
1669 1890 90
7247 0 7255
125
6020 0 9818
2114 0 5561
9408 0 7063
7446 0 6144
6492 0 6414
8159 0 6509
7823 2675 2675
181 2708 2708
5276 0 1139
7350 0 5267
1636 0 5249
6306 0 3007
6708 0 9653
2319 0 6889
6430 0 6899
882 0 7877
2298 7471 241
5982 0 9596
2501 3543 3543
8257 0 8999
5324 0 3144
5881 6606 2202
435 8701 791
7145 0 7243
3582 0 4758
2099 0 6696
2282 0 9411
2874 0 3361
9302 2548 2548
5679 3399 1133
4634 0 7354
33 2975 7
390 0 6827
9779 0 9100
9097 4291 613
2260 5472 2736
3120 0 3538
3728 4574 4574
2574 0 5974
5293 4043 4043
4573 0 6763
4144 6945 2315
4319 0 7949
6495 0 9162
7842 0 6861
7748 4472 344
9540 0 704
3472 0 8813
4430 0 5427
5683 0 4133
4785 0 4914
1708 6442 3221
6664 0 8847
6472 0 8875
1952 0 9202
7045 0 1575
7168 0 4737
7076 0 5982
3908 7137 2379
3832 0 7491
3052 3736 934
3306 0 4325
2850 0 6772
196 0 6033
3355 0 6696
7226 0 5475
7231 4284 4284
5172 3730 3730
7332 0 4500
9370 0 8450
9952 3488 3488
3349 0 7846
1385 3917 3917
8543 0 5445
2374 2736 912
4534 3604 3604
8129 0 3742
8083 4640 4640
9398 5438 2719
9241 0 7431
4472 0 8492
9588 6006 429
604 4472 1118
3109 3842 3842
6251 4968 46
5420 0 2601
8439 3747 3747
1372 4962 827
7910 3620 3620
1250 0 9419
3558 0 3096
4687 0 5134
1648 2791 2791
8026 4608 1536
374 0 7874
6757 7352 919
2853 0 6130
1955 0 9368
8228 0 6574
9226 0 2849
4402 4900 4900
7556 0 6774
1675 0 7987
379 6708 2236
9404 0 9371
4236 4219 4219
4989 0 6540
2539 0 8274
8155 0 4317
9786 9928 73
222 1991 1991
483 0 7782
4766 6244 892
1011 0 7080
4431 0 7585
6266 0 7043
1159 0 1750
4267 0 7163
5309 0 6850
1558 0 9219
718 3396 3396
7877 4030 310
1018 0 4091
2534 2788 1394
795 0 7368
125
8862 0 7111
6501 6120 1224
4884 0 3405
331 0 1932
9031 0 8729
7420 0 9405
912 0 3610
6754 0 6036
397 7068 1178
1577 6104 3052
4036 0 1421
347 6630 3315
9913 0 9915
9250 0 9470
6910 4222 2111
8429 0 3785
4562 0 9629
2980 4430 2215
9654 6290 3145
9260 6158 3079
4595 0 5584
9350 0 6248
7408 0 7156
9460 0 7754
7725 0 6226
5203 0 8299
6243 0 8453
8650 1904 476
6447 0 5144
1101 0 6998
127 0 5519
3154 0 9789
2193 0 4539
7359 0 7724
5719 2750 2750
1671 0 5148
7684 2860 1430
4753 6064 379
8849 5289 1763
5861 0 7233
6160 0 7239
9436 0 7065
544 0 4413
9585 0 5130
5741 0 1942
3816 5320 95
7070 6136 3068
3326 4200 1050
4436 0 7966
8045 726 66
9424 6172 1543
7374 3703 3703
368 6334 3167
5160 0 8884
7876 0 8973
7414 0 6745
1792 6676 1669
2223 0 9712
9193 0 1717
9247 0 5108
2518 0 8917
5882 0 8827
2447 0 5439
6933 1350 135
3752 0 6762
992 0 9658
7390 0 5938
5915 0 6615
6193 0 8062
3926 5090 2545
4419 0 4571
9733 0 5061
560 3666 3666
3424 0 5465
2418 2396 1198
8004 3372 3372
8518 0 6671
9275 3765 1255
7261 0 6470
743 0 8803
8390 0 7877
8706 0 6126
791 0 9204
826 0 2145
2364 0 8661
7029 0 8195
5456 0 7638
8907 4894 4894
2360 0 6874
502 4155 4155
2520 0 5132
1110 0 8377
35 0 8874
8320 3036 3036
8480 0 9959
3273 4828 2414
9922 5185 1037
6818 0 8099
9241 0 4511
1369 3431 3431
2063 0 6245
397 0 7908
2030 0 3382
7781 0 8779
1390 4093 4093
7893 0 5222
28 3352 3352
3260 7416 2472
7205 0 1608
7908 4846 4846
8210 2108 2108
6838 0 8980
5081 0 5000
9507 2654 1327
5321 0 8873
6155 4635 4635
8710 3457 3457
4285 0 6790
678 0 5593
7105 5820 582
2089 1571 1571
7572 0 8148
558 0 8024
3548 6816 568
2501 3519 153
125
9190 6988 1747
8030 0 7801
6693 0 9935
6451 3372 3372
4444 0 4529
6829 4433 4433
3114 0 6767
7557 5780 2890
7737 7615 1523
4491 0 4232
8297 0 6597
4434 0 9840
1156 3384 3384
1668 0 7128
6183 0 8537
6756 9500 250
4336 0 9379
7000 0 7402
8683 8533 371
7417 0 1307
1762 7626 1271
3925 0 8570
7319 2960 1480
8718 0 5488
7643 0 3056
1063 0 4912
988 0 1427
866 0 8989
5409 3103 3103
6358 0 8724
7103 0 6244
8632 0 4719
6589 4949 4949
8415 4903 4903
577 4470 2235
285 0 7157
594 0 8196
9167 5496 916
5845 4825 4825
8320 0 9135
3863 0 5964
2728 7576 1894
2028 4527 4527
8481 0 4862
7094 6137 361
2556 600 600
4552 3787 3787
8868 0 5218
7133 0 9580
2024 0 5347
6085 0 8820
7938 0 9332
1445 0 4248
368 0 6672
658 0 9677
6679 0 6039
295 6554 29
2064 0 1478
5671 4172 2086
1041 8720 872
4546 0 7036
5144 0 7947
5745 4062 4062
2137 0 2925
6417 3589 3589
5880 4943 4943
1766 0 5105
8267 5770 2885
2762 2225 2225
2948 0 8012
9657 0 5205
5997 5642 217
3890 3104 388
7348 0 603
6416 6124 1531
2321 0 1522
2661 0 5999
487 0 5491
3527 0 5716
8942 5884 2942
7399 0 5032
3077 0 3715
411 0 9093
6901 0 5445
7977 0 7557
9216 0 7628
1385 0 1728
8281 0 4593
9161 2220 1110
8705 6290 74
6911 0 8025
2028 0 2300
7716 4048 2024
4619 0 3737
9778 0 2165
1874 3836 3836
2313 0 3199
8723 0 4557
3245 0 6376
7345 2000 80
2408 0 6657
7327 0 6640
6286 0 2716
1957 0 7694
8313 0 9645
7799 0 2230
8815 0 8848
3840 0 7058
4165 0 3899
769 0 5047
9927 0 6687
8899 0 5353
9694 0 7671
1409 0 5774
3796 8180 1636
4098 0 9163
2366 0 5682
5011 0 5487
5163 0 7408
6176 0 8020
5763 0 3860
448 6966 2322
7176 0 5166
1332 0 8369
9292 0 5168
125
8062 0 7073
9802 0 7958
5099 0 7940
2796 1298 11
6657 0 8207
3879 0 4607
9587 0 6156
1294 0 5227
7234 3140 3140
2479 4379 4379
821 8050 1150
1744 0 8106
7204 7668 426
2887 5198 2599
6446 0 9062
5401 3198 3198
6762 0 3759
3937 0 8907
9743 0 8533
295 0 6053
1553 6212 1553
6677 0 3671
8065 0 5976
9509 0 6564
5754 0 6496
8707 0 3635
150 0 9706
1478 0 7383
523 3795 3795
5091 3652 1826
3915 0 3737
9530 0 8808
596 0 9828
467 0 8063
7119 2718 906
4541 4241 4241
3701 0 9761
8774 0 8629
3958 0 8792
9461 0 6145
6868 2177 2177
1595 0 9905
2013 0 9271
5765 4272 534
9942 0 6689
2998 0 8212
3832 0 5974
3935 4542 2271
7967 0 6323
1293 7315 1463
9401 2250 2250
9660 0 8614
8744 0 5195
9455 4749 4749
694 0 5409
9770 5752 1438
2900 0 7556
3556 0 7341
5069 0 8876
9123 5226 2613
723 4250 4250
1190 4736 1184
6678 0 6399
63 0 4958
7516 0 3838
8230 0 2323
2129 0 9272
2917 0 5261
3523 0 8055
9138 0 5205
7268 4425 4425
747 0 3217
2293 0 7290
4959 0 9277
3065 5524 2762
8503 0 9721
3590 0 7932
7028 0 7891
8505 0 3666
6273 4170 834
2895 3982 3982
2209 0 7203
8767 0 9812
6907 0 5633
5303 0 7860
324 2561 2561
8389 5411 773
7605 2363 2363
5948 0 9590
6004 2347 2347
7491 6940 1735
7470 0 6552
7075 0 8720
2348 0 4227
2566 0 8001
7944 0 5097
6642 0 9147
8875 0 7621
6026 0 1602
8714 0 3134
8696 0 5639
8830 0 5809
5847 0 9679
6890 0 2006
293 0 3143
4630 0 9779
7149 0 6179
8743 0 7966
5647 3731 533
354 0 9622
121 0 3055
5368 0 9566
2097 0 7780
4465 5244 1748
9522 0 3212
1795 7004 412
3720 0 7146
4437 6813 2271
6757 0 8981
9794 0 3732
7666 0 9778
5657 0 3437
441 3782 1891
8220 0 8784
1904 0 2577
125
5838 0 5341
3087 0 5627
8948 0 8888
7710 1381 1381
9567 0 7949
2239 0 6358
498 0 9725
5688 6026 3013
7119 6093 2031
5866 1613 1613
1142 4030 2015
6547 2475 225
92 0 9823
9411 0 8153
5900 5436 1359
3841 4572 1524
9889 3474 1737
5620 0 3356
2213 2172 1086
3450 0 3678
8736 0 6225
3713 3485 3485
8629 0 6031
8734 0 6433
7076 0 2660
1832 0 5222
9388 0 7899
5703 4453 4453
1594 0 4767
7508 3320 3320
4616 0 9270
9503 0 9764
5420 0 9734
4699 0 9516
6447 3736 3736
4231 4882 2441
4902 8136 904
2541 0 6882
8537 0 8237
7006 0 4799
6363 0 2707
1101 3048 1016
9391 0 6353
7425 0 9046
9918 0 2811
845 2878 1439
8161 2781 2781
7642 4528 4528
7395 0 6578
3995 0 8123
3705 0 9958
9768 0 6151
470 0 7199
4702 0 8920
3546 7227 803
5778 6236 1559
4551 8736 224
6196 0 9418
4926 0 9402
7366 0 6159
8761 0 4950
6344 0 6651
4337 0 8804
2729 0 7297
479 0 3481
9341 0 7681
455 3466 1733
3171 1796 898
3782 3366 153
5108 5102 2551
1532 0 8629
4346 2724 908
4501 4455 4455
7092 0 9315
8217 3798 3798
1836 0 4556
5468 1102 551
4031 0 7434
4807 0 5818
9976 0 7745
9607 0 8022
7988 0 7430
7514 2703 2703
1537 4305 4305
6354 0 8844
9624 0 5450
8148 0 8705
3648 0 5434
9007 8505 945
8735 0 9094
5813 4806 4806
8154 4154 2077
7608 0 5751
8645 0 7492
4364 0 6753
1720 0 9325
5460 4978 4978
1796 0 4104
8093 0 6526
4690 4272 2136
1352 4128 688
575 6358 3179
3794 0 5317
459 2409 2409
9349 0 847
2660 0 8713
8940 0 9033
6391 0 9786
1680 3470 1735
5456 3066 3066
1586 0 8108
8643 0 8135
3416 0 6663
1150 0 414
4521 0 3440
108 0 3920
4602 0 9784
5590 0 9586
6893 0 7831
5209 0 6218
6224 0 7400
6717 4719 1573
2120 0 9234
5786 3513 3513
6892 0 9016
125
453 0 9881
2822 2355 2355
7347 0 9267
7124 4443 4443
7559 2865 2865
3591 0 8514
5688 1596 1596
3800 0 7245
3866 8600 860
4938 0 2716
8023 5676 33
3346 0 7167
3347 0 7716
6600 0 7057
5501 0 9105
6387 0 8213
9129 5859 651
7059 3821 3821
4339 0 6656
218 0 9909
2669 0 7635
668 0 7201
9403 0 5969
9991 6597 2199
3301 0 7519
7184 3201 3201
5781 4546 4546
9234 4164 4164
1017 0 5595
6375 0 4461
9342 0 9526
8691 7228 1807
3509 0 5895
898 5698 814
3201 9334 359
2330 0 5775
6592 1512 216
4987 6072 3036
2051 0 8113
4402 0 6789
1343 0 3450
3091 4789 4789
4278 0 7174
1089 0 5659
4973 0 9631
7991 5688 2844
4827 3283 3283
2750 5800 25
6816 4405 4405
7170 0 5331
4201 4828 1207
9946 3866 1933
3715 0 8584
8676 3862 3862
3717 0 3364
2411 0 5599
6873 0 5430
4600 7672 959
9070 0 7851
1832 0 2150
4354 0 5088
4736 0 9229
1046 6984 582
8618 1224 1224
5032 0 7077
7875 0 3358
4819 0 8307
9317 7239 2413
3419 0 2050
7682 0 5332
698 0 5653
8855 0 9645
3596 0 7515
7645 4783 4783
8777 0 8591
1393 0 8287
4453 8109 477
3793 0 7712
9306 0 3526
1068 0 7648
2263 0 8080
7139 0 1343
2035 0 9235
9460 7748 1937
9127 0 7828
7269 0 7829
3366 0 3713
3707 4239 4239
8675 0 6290
835 0 3732
4937 0 8051
2672 0 4755
2632 0 5784
9870 4245 849
1700 0 6667
1054 0 6499
6880 8154 54
7810 0 7720
388 2180 545
4388 5673 1891
2 7179 2393
7369 3515 703
6884 0 6801
9888 0 7692
8475 0 6682
7970 0 7493
1582 9660 92
2590 4960 4960
9337 0 7169
6733 0 8135
9741 2346 2346
9264 2883 2883
5248 0 8247
291 0 8718
4980 0 9171
9642 0 6008
2108 0 5493
9084 0 906
8491 3382 1691
4872 4500 500
6727 3120 156
2558 0 5832
1167 1190 1190
5971 954 954
3022 0 6737
125
3445 2083 2083
759 0 5933
1317 3710 3710
914 0 998
1179 0 9472
3543 8260 826
7919 0 5828
9397 4215 4215
817 8640 1080
2638 2558 2558
2183 5036 2518
5559 0 6837
1443 0 5996
4288 0 8074
8994 0 9234
3340 0 5001
4177 4662 2331
6011 0 2708
9371 0 7377
1921 3580 3580
5238 0 5119
7703 0 7472
5508 2037 2037
6225 0 7155
8848 0 8267
7711 0 1055
5148 0 9779
3432 0 4958
1658 0 8852
8149 0 8733
9385 0 6561
3418 0 5749
442 0 6007
9122 0 8601
3596 0 9916
6155 0 7564
3742 0 7216
3994 0 8428
6826 0 2781
8444 0 6023
1456 0 7954
1035 0 7289
21 0 8947
339 0 3469
3594 0 7383
2959 0 5106
7754 0 7929
2464 0 3232
3727 1571 1571
3730 0 5235
2410 0 4812
3635 0 6757
2239 4494 4494
9698 0 8812
2239 0 8738
2800 1166 1166
1734 7368 1228
910 6720 1680
7739 0 4909
5136 2953 2953
1645 0 4253
712 4456 2228
7365 0 3003
3035 9072 756
7537 0 5086
1129 5642 2821
2700 5888 256
7293 4329 4329
5652 0 747
3233 0 5177
2045 0 4788
7597 2031 2031
4342 6489 721
4638 3150 126
2102 0 5529
5802 0 5342
8832 0 4525
9431 4685 4685
4125 1331 121
3583 9440 472
1875 3534 1767
413 0 9609
4937 0 9201
2119 5836 2918
8555 0 5594
598 0 8366
487 0 4042
3239 0 5196
4469 2834 2834
2336 3263 3263
1342 0 7000
6648 0 8990
7511 0 4802
7235 0 7789
1974 0 9002
4770 4920 4920
4682 8433 937
8944 0 7232
4185 7840 1568
4086 4283 4283
9539 2548 1274
8759 0 7467
8524 3171 3171
4708 0 5852
4817 0 7563
4651 0 8744
5224 4740 4740
9571 0 7145
2875 4442 2221
1278 0 4360
3121 3074 1537
9218 4588 2294
6161 0 1986
8165 0 3212
5023 0 8666
6774 0 6606
4769 0 7120
6685 0 5328
1538 0 6457
741 0 7325
653 0 4095
33 0 9705
3130 0 6374
5714 0 7500
7373 1842 1842
125
5238 7928 1982
7873 0 7366
788 6403 337
5278 0 3828
3647 4029 4029
6460 5020 2510
920 0 4301
4804 4107 4107
8739 0 9969
8661 6634 107
2802 0 6916
2720 0 5496
216 8178 1363
9586 0 5491
6301 3374 3374
5002 0 5774
1236 0 7363
4765 0 9402
4835 0 6413
4227 0 7331
9949 1072 1072
1902 0 5564
4722 2019 2019
3295 6870 1374
3345 3788 3788
5627 7290 1458
8407 5859 1953
1631 0 5153
466 0 9448
6122 0 7120
7279 0 7601
2660 0 2866
4207 0 3349
4959 0 8269
8624 4890 489
1998 0 6035
3353 0 324
6676 0 9298
7457 0 8832
437 0 4416
3118 6208 776
3863 9804 129
2532 0 2784
9282 0 7021
658 0 8459
6798 4301 4301
4923 5400 36
9158 0 6886
6141 0 5481
1539 7188 2396
1090 0 8422
5085 5362 2681
9408 0 5595
9500 3069 3069
5636 6528 2176
9987 1895 1895
266 0 4090
5391 0 7852
3772 0 7059
7983 0 3267
5980 0 8516
9010 5698 2849
640 0 6811
7721 0 3356
1405 0 7428
9128 0 4698
9472 0 7400
7686 0 9096
6861 0 8123
9638 2147 2147
8744 2567 2567
4815 0 9238
8342 0 6285
3646 0 5674
8530 0 9112
8585 0 6103
4685 3908 3908
3112 2710 1355
5537 0 9384
278 0 7478
3603 0 6951
6988 0 5467
7178 0 5814
5417 0 8887
9836 0 3993
1284 4497 4497
7221 1818 606
4744 0 5182
5196 0 8506
2587 0 9900
7239 6855 1371
2627 6150 150
5720 1264 632
140 0 9527
1176 0 8414
782 5300 1325
3763 0 5848
7065 2312 2312
7067 0 9089
9122 0 3503
8492 3345 3345
3477 0 3960
8818 0 2339
3373 0 5598
9165 0 9342
5274 0 7496
5725 4194 4194
5149 0 9841
8602 2466 822
5908 0 9577
4848 7744 176
6632 4788 4788
6740 4959 4959
7712 0 7300
1481 4719 1573
1433 0 9828
5610 3668 3668
7660 4424 1106
5297 6650 3325
7131 6480 3240
818 0 2449
9915 0 6859
636 0 7771
7949 0 9488
5191 8568 1428
125
7864 6608 3304
921 4674 123
9935 0 9482
6203 3105 3105
1736 0 8017
4950 0 4856
9033 0 7190
7150 0 8135
9531 0 9543
2185 3612 3612
3059 0 9812
9369 2813 2813
2764 0 5747
3099 0 5208
374 0 5379
7271 0 5990
7307 0 9413
8009 0 8340
6114 4719 1573
7487 0 2564
7880 4449 4449
9687 0 5175
502 0 7666
1115 0 9461
8204 4838 4838
3458 0 2764
1676 0 6325
8439 0 7695
7813 3858 3858
9274 6378 2126
8725 6012 2004
4989 0 3617
5718 2657 2657
1136 0 7751
8466 6561 2187
9514 0 7834
5557 0 5753
2273 0 5748
2337 0 6995
4470 3654 3654
2326 0 5137
2867 3558 3558
4764 0 5293
28 0 7827
674 0 5623
7445 4860 4860
7325 0 9155
5812 0 7066
6861 6433 919
6978 0 8318
9894 0 7317
7198 0 6604
4048 2100 700
3317 2448 2448
1953 0 9892
4351 0 3329
6602 0 6213
6547 0 8156
7008 0 5073
9082 0 7434
5262 0 3642
2183 0 5911
2765 4188 2094
2856 7056 1764
1944 2999 2999
2420 0 5314
9648 1722 246
5527 0 9270
6472 0 4907
1504 0 7685
5609 0 4992
4997 4894 2447
4401 2800 2800
2469 0 9206
9695 0 7361
7117 5036 2518
4808 0 8588
3538 0 7954
148 6034 3017
1027 0 5037
8547 0 5186
2725 4012 4012
565 0 3880
9387 0 6865
8997 0 6616
252 0 9449
3203 0 9267
5060 0 7460
669 0 6988
9246 3562 3562
7812 0 7117
6835 0 6259
8440 6164 1541
122 0 4381
7525 0 3934
8033 0 5216
8716 0 8164
5925 0 8203
592 0 6887
8327 0 9785
3963 0 5907
3066 8246 133
4292 8141 1163
6684 6026 262
5136 3901 3901
9084 0 2672
2936 0 9962
7706 3656 1828
8071 0 6245
7879 0 7992
4183 0 7360
2180 3652 3652
1178 0 7149
3582 0 7110
3143 0 8288
4353 8339 269
9433 5956 1489
3470 5913 1971
9625 0 7899
8238 3826 1913
4033 0 5980
1582 0 5114
3120 6042 3021
7233 4512 2256
7366 1847 1847
125
5665 5397 1799
8697 4486 4486
5208 0 8323
9716 0 5912
3757 0 6219
7762 0 4198
6859 2537 2537
6298 0 3987
8745 0 7514
9605 0 8976
7978 0 5088
1169 0 1087
8407 4636 244
5234 0 7681
4782 0 7483
1031 1635 545
1984 0 3124
8875 4256 4256
1620 0 7174
9461 4055 4055
3333 2809 2809
1113 0 4270
5679 0 3615
7840 8175 327
1467 0 6887
7857 0 928
7799 0 5321
3243 4653 4653
7032 2765 2765
5537 3740 748
2548 0 4784
8660 0 6972
915 8160 510
1779 8418 1403
2020 0 700
9773 3184 3184
731 0 7178
3127 2320 1160
6794 806 806
9377 0 7627
3604 0 5182
6727 0 6294
1383 5268 878
5685 6226 283
2884 3618 1809
8300 0 5401
7626 0 1872
410 0 2963
1068 4745 949
4434 3228 3228
9787 8016 1336
6931 0 7341
9053 0 3249
8769 0 4819
6252 0 6007
7425 1944 486
506 5558 2779
7847 0 6647
2258 2080 1040
508 9072 648
2506 4482 4482
9248 0 8545
321 3906 558
822 0 6029
3378 0 9224
3709 0 9919
139 5036 2518
5639 0 8735
8854 4908 1636
9785 0 4800
5918 0 5747
518 6280 157
2649 3790 3790
4594 0 5174
1055 3023 3023
452 0 9193
2796 0 7303
4210 0 3445
6685 0 5816
9424 0 9110
1769 0 6934
4472 0 7482
159 0 1997
1936 0 1789
1988 8480 1060
7302 5148 198
4403 1888 1888
269 0 5601
8637 1728 1728
1498 0 2250
9442 6430 3215
908 0 2998
170 0 2813
9810 0 1183
9892 0 9633
2265 0 9202
9265 0 9737
2879 0 9796
9950 0 6313
5064 5388 2694
5948 0 8894
3726 0 4772
6222 0 4604
3871 0 1830
1164 0 7123
4516 0 3285
6436 4839 1613
6613 0 9094
9771 0 9213
9585 3753 1251
7464 0 5354
3074 0 5901
1764 0 9626
8524 2310 1155
5705 0 8705
1500 6765 2255
4631 6366 3183
3115 0 9515
8295 0 8251
2795 0 4227
2288 0 6763
9595 0 6234
8266 0 7498
6591 0 7385
2958 3404 1702
125
5837 0 8057
4663 0 2981
4933 0 9476
4132 1411 1411
9792 6441 2147
4769 5908 1477
7560 0 5499
4148 2995 2995
7412 3536 3536
5340 3299 3299
3513 0 5898
882 5655 1885
7823 0 5737
6073 4019 4019
7946 2696 2696
7458 0 1592
100 0 8463
4946 5886 1962
7435 2952 1476
2795 0 8667
4874 1522 1522
7889 0 4702
155 0 6459
9162 0 6305
4101 0 4083
6301 0 6270
9854 0 5990
7327 3777 3777
1506 0 8258
8314 0 5467
7871 3513 3513
9303 0 8887
1520 0 5371
1455 1438 719
3154 8928 558
6412 7245 2415
657 4424 4424
2410 0 1455
725 1048 524
8904 0 6076
3336 8142 1357
5315 0 3746
2896 6030 3015
5303 4084 2042
1804 0 6892
4037 0 3919
1041 0 5539
2541 0 6331
477 3564 3564
3484 0 5863
9578 0 9276
877 0 9326
786 0 9833
2696 1556 1556
814 0 8182
9400 0 3059
9414 0 7575
6735 0 9622
4793 0 7989
2987 7116 1779
174 0 2628
5858 4628 2314
8746 0 6770
1513 0 6567
9009 0 3216
9066 0 4049
4043 5960 2980
2760 0 7363
7773 1379 1379
531 8075 1615
7925 3540 3540
7528 4543 4543
9267 3034 1517
6103 0 3143
5371 0 6528
556 0 7644
2277 5184 144
4158 2967 2967
8750 5046 841
481 0 6485
6688 5446 2723
7704 7980 190
9483 0 6100
9237 0 9528
786 0 7124
80 0 8359
5209 6036 1509
2750 0 9213
303 0 7631
910 0 8625
7105 0 5354
2265 0 9054
4378 0 8116
9000 806 403
3153 8073 897
3179 0 8131
7516 3009 3009
4366 0 9364
2850 0 7493
7870 0 9157
1988 0 2347
7866 0 2326
2191 5032 1258
2219 0 8959
4964 6148 3074
8007 0 859
1998 0 1617
5086 2713 2713
480 8755 103
3669 0 4347
8435 0 6674
3634 0 7521
9126 0 5990
8146 2554 1277
2357 0 7955
9341 3822 1911
3646 0 4034
8591 7854 1309
5680 0 9425
5494 0 6726
2508 3670 734
8449 0 8477
6310 0 8606
1018 0 9921
3736 2030 2030
125
1475 0 9268
426 0 9194
5784 2867 2867
3962 0 7109
396 9120 120
9089 6642 3321
4319 0 5171
335 0 7962
3608 4362 1454
7776 5844 1461
8741 0 8207
1504 0 2422
6218 0 9950
5894 4875 4875
4361 0 7578
1702 0 5333
7554 0 7931
2555 0 5575
5755 3564 162
2137 2561 2561
6438 6412 3206
5768 0 5605
8453 4398 4398
3596 0 4511
3292 0 5677
6829 8064 224
7235 0 6492
5860 5148 858
143 2258 1129
1781 0 4413
9734 3057 3057
4360 0 3253
4837 0 6464
1693 0 4354
6098 0 5809
5553 0 8298
7371 2618 374
9325 0 7427
9226 0 9942
2958 1920 80
4667 0 5609
7822 0 9917
9577 0 3242
3454 0 7388
3961 0 3420
8400 0 9571
8926 0 5232
7952 0 8244
7119 0 2202
5420 5298 1766
513 926 463
8063 2380 1190
5084 0 6222
2816 0 6948
3297 0 9042
4294 0 8976
7910 6930 90
3408 0 6158
5866 0 6027
1410 0 2602
8733 4886 698
5886 0 9549
8610 0 3019
8799 7972 1993
909 0 9124
7004 0 3128
3355 8140 1628
8430 0 5819
3353 0 6965
4724 0 6745
2199 0 5749
7884 4514 2257
4513 0 4747
1311 0 7877
2705 0 9107
9896 4664 424
6183 3321 1107
9052 6644 3322
7743 3969 3969
1421 5278 406
3027 3467 3467
3882 0 9391
5106 0 7333
5964 266 266
3679 0 7770
3118 0 9276
6173 0 4414
2564 5004 2502
4882 0 5068
1640 0 5575
6735 0 6950
1066 0 5857
5733 0 8229
8063 0 6732
6751 0 5593
6474 4155 1385
1616 0 5832
8519 0 8432
1691 0 5329
2726 0 6657
3480 0 4379
2736 0 6062
2374 0 7515
2268 4779 531
7360 2052 2052
5548 2809 2809
4802 0 5669
2542 0 7376
5238 0 3344
7107 0 8727
1264 0 6581
108 0 8648
3909 0 6413
914 0 6918
1438 0 6479
7037 3935 3935
5186 0 7252
9628 5498 2749
837 6086 3043
7955 0 5064
7233 0 8508
6009 5850 1170
1136 0 8294
7961 0 7198
5294 4941 4941
125
8612 3232 808
4241 0 7950
9908 1084 1084
7824 1556 389
7017 5400 2700
3184 0 7286
2657 724 724
4930 0 6405
1870 0 9186
6473 0 9990
80 3274 3274
6707 0 4009
4902 0 8922
2124 0 5092
5298 0 6144
881 0 6521
4726 0 5188
8613 0 4236
4012 0 6039
1908 0 8838
6894 6838 526
3791 3440 344
7378 1700 850
1536 0 7491
1561 0 7760
246 0 5372
2614 0 5055
8539 0 8538
3383 0 7122
6117 0 6392
3717 7257 2419
259 3860 3860
9902 6125 1225
5597 854 854
5152 0 8782
7606 2385 45
2169 0 9295
8847 0 9469
5338 0 6649
9752 0 4301
8572 0 3828
5167 2389 2389
5384 0 1211
2494 0 5430
8881 0 7398
6046 0 6462
912 0 9362
8157 1246 623
8229 0 7837
9353 7154 1022
6015 0 7108
7950 0 4251
9391 0 5706
8703 5368 4
2026 1557 519
8073 3262 1631
5643 0 7603
3320 0 6807
5589 5470 2735
2015 1680 80
9639 0 6283
3595 1294 1294
4545 5505 1101
9797 4905 4905
9040 1326 1326
6890 0 6424
1990 1878 1878
6892 0 9972
8153 0 3980
2646 0 8220
1627 0 7590
2309 0 8717
3086 1280 80
2823 0 8532
4143 0 9271
3724 0 9265
457 0 7272
1828 0 8191
1283 0 4314
9982 0 3729
1451 0 7928
5279 8165 1633
5047 0 7228
1736 0 7552
7999 4965 1655
8540 6790 970
294 0 8034
4373 0 8537
8856 0 6640
9396 0 9668
6718 0 6474
1313 0 5284
208 0 8911
9453 0 4834
6040 6870 2290
8961 8520 852
9862 5856 2928
7178 0 5912
114 6388 1597
4655 0 8441
1651 0 9943
6147 0 5412
5859 0 8256
4659 0 6383
9544 0 9849
3902 0 8860
3809 0 6999
161 0 5601
8774 0 8812
2976 0 5843
7928 0 7678
2131 4716 2358
1803 0 7518
9378 0 9027
6919 0 5218
2372 0 6979
1755 0 9418
1883 0 6912
3983 6186 2062
5117 0 6951
8091 0 9980
8821 7047 2349
7668 0 9818
6744 0 7460
6028 0 8919
125
4264 0 5926
4289 4404 4404
1823 0 7673
276 0 5038
2387 0 1817
5853 4907 4907
3678 4247 4247
4795 0 3708
279 5780 2890
420 0 8989
418 0 8439
7742 0 6864
6189 0 5815
245 3770 145
2020 6756 563
7342 3336 1668
7960 4936 4936
3089 6609 2203
8332 0 7783
8774 0 8560
2938 0 2105
307 5067 1689
4744 0 8923
1459 7164 2388
9951 0 4983
7479 0 6876
3807 2477 2477
6838 4023 447
3869 0 5849
7089 0 5913
1370 6352 1588
3409 0 5320
5909 1502 1502
1038 0 5138
8183 4412 4412
5583 0 6170
8943 0 5332
2169 4197 1399
5679 0 8727
5250 0 6992
4575 0 9829
1233 0 6009
8826 0 2768
4472 4748 1187
268 0 9973
4506 2828 404
4706 4073 4073
8069 7796 1949
3028 0 9190
5342 0 7499
1864 3964 1982
4114 0 5021
9097 0 8560
431 0 7181
3575 0 6070
720 6194 3097
9719 6606 734
4355 0 5007
4983 0 9706
375 2608 1304
6895 0 8499
3744 6570 2190
1993 1738 869
2178 0 3757
8808 0 7603
1383 4037 4037
3812 0 3644
6201 0 7284
610 7744 1936
1162 2452 1226
9759 0 8491
924 0 9535
8418 4212 351
8626 0 6444
3178 0 7099
1307 8550 225
5521 4174 4174
457 0 9190
5284 0 7726
6427 0 6802
2934 0 9517
2459 0 7249
3212 0 5744
6715 3431 3431
3754 0 8525
1624 0 8587
1630 0 5360
4632 0 9460
3868 5475 1095
9954 0 6624
9816 0 3719
2140 0 9467
8492 4554 1518
2054 0 7586
1120 0 5477
9616 0 9984
6713 0 9942
5230 2960 740
1697 0 437
3874 0 7655
8484 0 4028
7507 0 7573
6694 0 7511
8878 0 7093
2608 0 7252
7719 0 5740
9716 6182 3091
361 0 9813
1527 0 8958
7642 0 9749
4779 5264 658
1045 0 6823
7180 0 5403
390 0 7555
4007 0 3387
405 0 5072
3266 3698 1849
2832 0 8546
117 7506 1251
7379 0 6430
7781 0 7879
3277 5556 2778
9845 1919 1919
4204 0 3243
8451 4314 4314
125
6330 3606 3606
317 9450 525
1432 0 3268
658 0 6244
3483 6392 3196
7504 4496 562
8821 0 8446
9183 3856 3856
5002 0 3541
6088 4214 4214
6369 4687 4687
8248 0 8031
326 0 8276
8121 0 4039
6357 0 9154
6840 0 7722
6150 2961 2961
5087 0 6601
9927 0 5963
4664 7160 179
4087 8592 537
7641 0 5438
7246 5040 210
7640 7140 1428
7487 0 5745
7726 0 6782
3629 0 6506
6263 4877 4877
8419 0 9648
3946 0 1013
119 0 4577
7614 6432 1072
72 4018 4018
6785 0 5031
7253 0 6216
1307 0 9476
1828 0 5128
1806 0 9416
5928 0 7512
9410 0 9015
1838 0 8345
4741 5072 2536
9100 0 7280
2584 0 6785
7124 0 9686
4476 4096 4096
6233 0 5324
6345 0 1557
4576 0 6944
9279 1500 375
7745 0 9939
7147 0 2124
1625 0 9804
7209 0 3287
8401 0 4301
7771 0 9308
5327 6591 507
3812 0 4390
6938 0 7552
5263 4874 4874
9463 0 6189
7660 5210 1042
4527 6897 121
2213 0 5263
1918 0 7717
1272 0 9012
5117 0 6829
8917 0 6191
8743 0 5015
2184 4140 828
9168 3936 3936
9878 5935 1187
9576 0 8995
1435 0 8471
691 2389 2389
5276 0 7294
2709 0 8025
7837 0 6825
1055 4872 2436
780 6360 530
5167 5216 1304
160 0 6727
3330 0 6805
1436 0 3578
2777 4000 800
2575 0 6610
7603 0 6862
3758 0 9070
2352 0 7609
9965 0 9064
6389 3302 3302
8498 0 3018
1842 4410 4410
5793 0 9426
474 0 7096
8709 0 7351
8690 0 8154
5117 0 5600
6200 3362 3362
1038 0 7739
3606 6840 1140
7427 0 7562
1732 0 8338
9395 4782 1594
8793 0 1632
3211 0 993
6834 0 5888
7924 0 6726
9586 0 5752
4687 4997 4997
1730 0 8037
3578 0 6842
2472 3142 3142
3296 0 6061
7486 3046 1523
5609 5346 2673
9038 6300 450
7488 0 9106
9916 0 5915
5548 0 4510
3323 0 3974
9403 6454 3227
959 3662 3662
3256 4567 4567
2126 4035 1345
125
3829 0 1113
2233 0 8621
4833 0 4705
1980 933 933
3834 1239 1239
2529 0 7293
9497 3139 3139
6761 4715 943
3984 0 7951
5932 0 3369
2873 0 7884
2590 0 9809
3773 4631 4631
347 0 6918
719 3434 3434
7092 4671 4671
2931 0 8980
9167 0 5575
4830 6354 3177
2566 6822 2274
2148 0 2435
58 0 7562
6956 0 9601
4029 0 8064
5035 0 6131
7708 0 7192
7886 0 8885
7084 1478 1478
2397 2028 1014
702 0 3220
7021 0 7015
9459 0 4685
4490 0 8690
7846 0 7948
8685 3976 3976
6076 6685 955
5684 0 6676
4174 4071 4071
455 0 6308
4386 0 8551
4267 0 3635
9814 5344 668
607 0 7904
7740 0 5302
6775 0 4663
3204 3306 3306
7251 0 7534
7828 0 5311
9796 0 6938
9329 0 5842
4919 0 7686
8932 0 5024
4373 6870 30
8508 0 9994
1156 7388 1847
6650 0 9880
602 0 7349
7086 0 9160
340 0 5663
2780 0 9011
7736 0 9045
754 0 7960
3889 4284 4284
1681 0 8015
7448 0 3783
4252 8700 300
2327 0 9834
2106 0 9342
1934 0 3356
1033 0 8019
8256 4371 4371
2563 8520 1065
9662 0 6841
4099 0 5105
3678 0 7969
1666 0 7110
6176 0 9023
8132 9135 315
6226 0 2395
3156 0 9923
7399 4955 4955
3816 0 8441
3906 0 8329
8832 7174 422
2303 0 6715
5695 0 7199
4155 2635 2635
7945 0 6571
7774 4815 4815
636 0 1585
1767 0 9188
7316 0 5919
8990 0 1934
5757 6350 3175
8058 0 8458
7458 3882 1294
3043 2005 401
8917 0 3806
8750 0 5153
6904 3823 3823
2721 0 5163
4411 0 7188
5997 0 4989
5630 0 8966
5116 7429 391
4047 0 6086
2520 0 5772
4278 3911 3911
7519 0 7535
7209 0 5061
5651 0 8969
4409 0 5718
8738 0 2891
9537 0 8141
9414 0 6827
8486 0 6871
5150 0 6419
5632 3699 3699
7367 1684 842
2404 0 6895
4788 0 4367
2350 0 7580
7630 0 9629
7964 6774 2258
6997 0 9630
125
7010 0 2439
7615 0 6616
4852 0 5723
8227 4742 2371
4783 0 8055
904 2853 951
3683 0 5007
9021 5508 324
666 0 9266
658 0 7559
641 3704 3704
4659 0 5192
3571 0 5521
4524 3792 3792
3558 7244 1811
4508 3461 3461
1845 0 9707
6845 0 6760
2401 3582 3582
6190 0 5210
6983 4440 4440
6492 0 6291
342 5260 1315
9696 3591 1197
8617 0 9835
4317 0 5380
2735 0 5676
8066 0 6607
3113 6135 2045
3860 5228 2614
2010 0 5354
4975 0 7125
6216 0 9846
9067 0 6175
7502 0 3518
6527 8568 612
7769 0 5665
9692 3003 231
243 0 5593
9662 0 4368
3731 1569 523
9576 3444 492
491 0 9695
3130 0 7641
9454 5784 2892
9430 0 7594
1714 0 9028
2701 0 8369
9463 2024 506
6605 3522 1761
8570 0 7036
8949 0 5070
6968 0 5422
1781 2163 2163
1394 0 7544
9000 3536 442
4740 0 5621
2960 0 7538
1131 0 5559
9903 1638 1638
9002 0 5548
8666 0 6926
432 2167 2167
3753 8376 1047
5468 0 6028
1092 0 9713
6553 0 3694
1745 0 5317
9922 0 7456
6757 0 6992
1608 0 5033
6751 0 6309
9115 0 7364
8887 6636 158
4208 0 8228
8203 4085 4085
3685 4458 4458
7050 2807 2807
3834 0 5548
9369 0 9851
2433 3019 3019
2659 0 9496
4933 4605 921
3981 5589 1863
9354 0 7657
6658 5680 1136
874 0 2635
366 3918 3918
9446 0 7583
2225 6540 109
1861 930 310
3277 7398 2466
3037 0 5365
45 0 7009
9888 0 6320
188 4722 2361
9938 0 4625
984 4850 4850
4437 0 6208
4218 4697 4697
5372 0 5116
8832 3260 1630
1890 0 5715
6848 4576 4576
3202 0 9678
6196 0 9025
3733 0 5517
4015 0 9097
5967 0 8015
8644 0 5001
2660 0 3480
7795 0 2175
863 0 5123
1749 0 2924
9328 0 9395
8712 0 7570
6503 7337 667
2 3565 3565
8593 6634 3317
164 0 7799
2202 8815 215
1167 0 2718
2645 1868 934
6004 0 9103
374 0 2557
125
858 0 7038
7142 0 5847
6689 3554 3554
352 7494 1249
9559 0 9508
4196 0 8323
1829 0 5828
9927 4944 4944
4156 0 5924
9950 0 5024
5268 2388 2388
1111 0 9123
8882 0 7399
9068 0 8251
3032 0 5821
6200 0 9901
7600 0 6122
5089 0 6122
7816 0 9608
5272 0 7456
741 7018 638
8602 3873 3873
8134 0 9930
9740 3651 1217
5416 3028 1514
4806 0 6616
6203 0 9178
1422 0 613
2776 0 8845
9205 0 8936
4822 4128 4128
2137 3599 3599
811 0 9298
1861 4765 4765
7538 0 5145
2358 0 1246
6899 0 9849
5033 0 9338
860 0 9430
7164 0 9550
8614 2772 1386
7855 0 9802
813 0 8922
6681 1274 637
2370 0 6088
4647 0 1450
281 0 9288
7524 0 8224
3133 0 6552
3876 0 3836
1761 3839 3839
9649 0 8335
220 2993 2993
457 4315 4315
781 0 8113
5226 2967 2967
6221 6986 998
4604 0 2789
5639 0 7592
770 7482 2494
6269 4686 2343
3615 0 6431
4326 2150 1075
4480 0 9226
4035 0 7290
3660 0 8691
1017 0 5784
9793 0 7423
6037 2784 696
9440 0 5762
983 0 5034
8326 1580 1580
7174 0 5488
7817 4731 4731
2361 0 6792
9504 0 9311
597 8498 607
1614 0 6222
7250 0 9894
2519 4542 4542
484 2616 2616
3991 0 9563
3210 0 5099
1659 0 6660
809 4983 4983
4434 0 9588
9886 0 5410
6626 0 7548
2204 0 9121
1189 295 295
7708 5040 720
4156 0 3437
5496 4795 4795
7732 6350 3175
7098 0 5593
4562 0 9817
1952 3782 3782
9470 0 2915
9953 0 7658
3643 0 464
5558 0 7402
7048 6114 2038
991 0 8387
8780 4586 4586
8070 0 6867
1049 3694 3694
7930 0 9081
8805 3730 3730
6359 5670 945
2146 0 8411
7596 3962 1981
3954 1438 1438
4581 0 3743
5616 0 5379
2518 0 3375
432 4140 828
1239 0 2785
9902 0 5191
4924 0 5493
6312 0 9598
8837 0 8243
5027 0 9386
962 0 7586
3322 0 7358
5659 0 7669
0
