20
15 99 9
14 15 5
4 207 23
2 119 17
25 8 4
7 380 19
9 40 2
17 125 5
17 400 20
25 42 6
13 154 14
21 253 11
25 168 12
4 418 19
15 176 22
9 168 21
22 320 16
24 204 17
6 28 4
2 75 3
2
14 25 25
1 152 19
19
13 63 3
11 144 6
22 340 20
7 128 16
20 180 20
20 140 14
9 80 20
11 207 9
9 187 11
22 33 11
13 132 6
7 160 16
1 198 9
23 9 9
10 240 10
20 200 10
11 120 8
1 196 14
8 189 9
25
15 228 19
4 21 7
9 20 10
21 160 10
10 60 20
21 187 11
10 400 20
6 575 25
13 396 18
15 330 15
12 24 1
6 221 17
2 440 20
7 340 20
21 198 11
1 38 19
19 156 12
4 19 1
4 120 15
8 154 11
4 528 22
16 323 19
21 230 23
13 54 3
10 380 20
21
7 475 25
9 15 15
13 32 16
13 12 4
20 216 9
12 84 21
19 256 16
22 24 4
19 374 22
7 184 23
8 342 18
9 156 12
14 336 21
6 224 14
21 198 9
3 88 8
1 500 20
24 32 4
19 504 24
23 294 21
8 360 20
125
4745 5646 2823
6799 0 9194
1545 0 8679
2972 0 2238
2793 0 5987
3177 0 6219
8391 0 9220
3970 0 6830
6168 0 8268
3203 0 7753
6285 0 9847
8119 0 5582
219 0 6329
9938 0 8212
9601 0 8646
8758 0 8533
4683 0 7668
4796 0 9962
4256 4728 1576
9564 0 5211
1685 3796 3796
9445 0 7371
6567 0 728
4188 0 5590
145 0 8291
6458 0 9874
2647 0 4832
8394 0 5676
3024 2271 2271
7999 0 8801
4295 0 5486
9879 0 6017
2536 0 7756
3150 7444 1861
7384 3844 3844
358 0 5348
723 1486 1486
7798 3555 3555
5444 8091 261
841 5740 2870
2960 0 9693
9374 4515 4515
731 0 7206
5041 0 3356
8653 0 6994
7417 0 2499
9561 3384 564
1527 0 4334
6085 0 5034
35 3089 3089
9718 0 8685
3024 0 3386
2293 0 7895
6784 5015 1003
6522 0 9497
1879 0 3172
192 3737 3737
3313 0 5948
6353 0 7729
5519 4088 4088
2313 0 6315
8048 0 9013
4404 0 4204
1293 0 5722
7902 0 9423
3872 0 7957
2565 0 7591
3650 0 7204
7802 0 5278
7073 5124 1281
6995 5856 1952
4009 7785 1557
5010 0 7278
697 0 8213
1023 3916 3916
6046 0 6026
2207 5241 1747
2116 0 5782
2348 2824 2824
1414 0 6931
4267 0 7474
9378 0 6630
1465 0 764
3781 0 5309
8627 738 738
2900 0 9213
7674 0 5303
1831 0 9641
8886 0 2728
4978 5006 2503
8310 0 3178
2168 0 9639
4933 2277 2277
9297 0 2381
1399 0 6787
4585 0 6457
5744 0 9405
6839 0 8239
6699 4965 4965
16 1302 186
6183 0 9118
1985 7050 150
3457 5724 1431
3184 0 9658
8922 0 5367
4036 0 2201
5724 4425 885
8021 0 8308
7949 6052 3026
9803 0 4357
9569 0 4384
3981 0 6217
5578 0 8988
3217 0 7829
2606 3613 3613
6490 4316 52
5036 0 8371
1924 4923 547
8187 0 9860
5673 4763 4763
3617 8165 1633
6945 0 4155
2633 6316 3158
8224 0 9139
9105 0 7437
125
1132 0 4309
7100 4009 4009
3482 0 8874
2914 0 8130
1516 0 8543
2424 0 6229
6085 0 7462
8553 0 6308
6164 3600 360
6850 0 9777
2583 0 1436
4674 6588 2196
6229 4504 1126
1384 0 8716
9406 0 5961
9200 0 9338
9124 0 5411
7176 0 7521
5493 0 8079
2803 0 5127
8506 4572 508
9565 0 6190
5221 4826 4826
5929 7446 2482
6143 1925 1925
573 0 9856
8052 1066 1066
3289 5444 2722
4792 0 9615
235 4655 931
5580 0 6315
9368 0 5303
6726 0 4896
3395 0 7604
7701 0 9537
8278 0 7664
3801 0 8993
3326 0 8990
9594 2542 1271
3853 6429 2143
1735 0 9783
953 0 8787
3288 0 7938
3712 0 2339
310 0 9910
8148 0 5157
3950 1139 67
2552 0 5166
9458 0 1757
7979 0 5057
2588 0 7588
1237 0 7905
6439 0 6777
4095 8005 1601
5928 5702 2851
3208 0 9805
5940 5304 2652
9322 0 4215
9672 0 5821
74 0 4355
9431 3591 3591
6697 7926 6
3443 0 8885
9152 6786 2262
9292 0 5186
1666 5184 324
4734 0 8591
4106 0 6670
7231 3921 3921
6528 0 6696
7955 0 2626
1385 0 5165
5691 4280 2140
1392 0 3519
6150 0 3326
7164 0 5388
8140 0 8331
7797 4684 4684
2672 0 5262
8529 0 8166
753 4354 4354
5425 0 3375
629 0 5318
9596 0 5691
8930 3465 3465
5650 7106 418
1519 0 9464
9829 6648 831
6728 3488 3488
1963 1532 766
6104 4286 2143
3563 5094 2547
9865 0 9485
567 0 6083
7524 0 9866
9487 0 3997
4076 0 3443
9986 4092 1364
8477 0 9830
1258 2353 2353
9949 0 5748
7095 7895 1579
5780 0 9886
8120 0 1909
3046 2360 472
1815 4694 2347
7051 3387 3387
5047 0 8673
3835 6280 314
6998 0 8413
1434 0 8093
8566 0 3579
7177 5494 2747
224 0 8514
6891 0 9841
1728 4795 4795
2553 0 9763
2122 5075 725
9351 0 7689
2331 0 1801
9552 0 2540
5454 3491 3491
130 3668 3668
4787 0 3601
7752 0 3207
125
7412 2842 2842
6167 0 3347
3324 0 4439
3839 0 7447
3455 0 7726
703 5140 514
5480 6876 1719
8512 4557 4557
5978 0 8962
5544 0 9454
8390 0 9015
951 0 4438
2145 8082 1347
8857 0 6141
4668 0 5268
8646 2965 2965
4840 0 6994
3549 0 9183
1926 6908 157
3467 3878 1939
5359 1327 1327
5908 4142 218
513 0 8293
5104 0 7371
3548 0 5984
9998 0 9254
3748 0 7712
9986 0 8209
3009 0 7451
2141 0 8577
5163 0 4376
1960 4952 1238
1791 2976 2976
3647 2370 237
6638 7760 194
989 0 2647
8491 2577 2577
3668 0 9240
8305 0 8285
2772 0 9348
5662 0 7818
3804 0 7094
8614 847 847
9348 2166 722
2852 0 5114
2553 3280 3280
8924 0 8690
6908 0 5973
5827 0 7544
9941 0 8408
5335 0 6067
8169 0 9553
362 0 4016
4761 6560 328
3538 3981 1327
6013 0 8471
168 4248 4248
748 0 7185
6658 2438 2438
67 7376 1844
8226 0 9249
4252 0 2061
6874 0 5630
2166 0 4641
5431 0 4169
5123 1872 624
4833 0 4693
4370 0 6924
1952 0 7101
6707 0 8686
686 7732 1933
6292 0 6233
7376 4367 4367
7080 0 4767
7134 0 639
6344 0 8020
3017 4365 4365
9826 0 7289
2522 0 5814
9567 4395 4395
9609 0 5335
3503 0 9600
6028 9108 66
9673 0 6908
6578 7875 375
1926 0 7639
3322 1900 1900
7678 8256 344
3919 7560 840
1209 0 3521
3490 3688 3688
354 0 3411
6871 0 7926
7039 2644 661
8158 0 7708
3951 0 7878
5850 4425 4425
3352 3146 1573
439 6320 3160
2580 3257 3257
6133 9492 84
1692 4940 4940
5397 0 7426
5701 0 8800
3219 0 6229
664 8586 106
5021 0 5770
6655 0 6840
2647 0 6048
9665 0 6355
8831 0 3012
9863 2498 2498
5191 4576 4576
8701 0 5578
757 0 9447
2058 0 9144
2789 0 6059
5079 0 670
3224 3210 3210
8202 0 6511
2689 0 9944
5661 0 4580
8594 0 6484
1723 3106 3106
7403 0 5838
125
8678 0 8681
4008 3209 3209
780 0 9060
50 0 5966
8376 4638 2319
1004 7749 861
9186 0 7128
3024 4076 4076
623 3845 769
472 0 6152
297 0 7602
4098 0 9453
362 4329 4329
3171 0 7523
4644 0 8150
4573 6648 2216
7225 0 3419
6211 0 5021
8328 4815 4815
1491 0 6877
4717 0 8024
6598 0 4894
1519 0 7263
4738 0 9761
957 0 4397
4250 9590 137
3594 7720 772
8288 6328 904
7976 0 4535
1631 1664 1664
187 0 9792
8432 0 6189
5528 0 2677
4816 5070 2535
2315 0 5028
8293 0 6834
1761 3980 3980
1009 3779 3779
5410 0 3328
715 0 6744
6039 0 8874
870 3677 3677
9474 5022 2511
2335 0 6328
8789 0 7852
3911 0 9709
7499 0 9096
554 0 3327
3474 3390 1695
6761 5882 2941
9088 6918 2306
3899 0 9953
4475 0 9457
3355 0 3730
8315 5474 2737
7360 0 8647
9878 0 2675
6927 0 8919
9241 0 6294
9741 0 4784
2420 3434 3434
2380 0 8252
1646 0 4528
1949 0 9186
8644 7154 511
8326 0 5399
4680 0 9884
6779 3677 3677
9982 2149 2149
1852 0 3665
2970 7467 2489
2290 0 8639
2787 0 6081
9609 0 9554
9366 4634 4634
1350 3904 488
3431 0 7173
5754 0 4613
2604 0 9058
3388 0 8886
5652 6036 2012
421 4792 2396
134 0 249
4451 3741 3741
4956 0 6523
4113 0 562
1244 5956 1489
5748 0 4616
3632 3124 781
9547 0 9420
2269 0 3945
3234 0 7870
5229 0 9574
5116 5152 184
5398 0 2111
1027 0 6344
8861 0 5381
6114 0 9185
3094 4767 4767
421 0 7012
7260 5700 2850
4691 0 9763
2723 0 9842
1588 4125 4125
6143 1812 1812
7144 0 7631
8188 0 4231
8004 0 8511
4015 0 2733
8806 0 6340
1819 0 6084
3564 0 5156
5740 0 4629
7237 0 4424
5202 0 8606
2861 0 9598
2024 0 8499
3609 1813 1813
5505 0 7390
4023 0 2819
6052 0 3493
9701 0 5935
7414 0 7358
8107 0 5588
6518 6146 3073
125
5559 6300 315
7633 0 7071
2220 0 6035
2555 0 5710
5588 0 2082
1221 0 6982
8400 0 2592
991 6488 1622
993 0 5635
7429 0 242
7534 0 2484
2868 0 5325
3473 0 7417
8603 0 8836
455 0 3415
7446 4460 2230
127 3936 3936
4573 3108 148
1762 0 7476
7744 0 3881
1874 0 8960
2531 0 5198
5589 3462 3462
4 0 4216
6914 0 5857
1610 0 8613
3344 0 5344
187 0 2379
8442 2875 2875
6512 0 2095
383 0 3301
8425 0 8189
9574 2552 2552
3592 0 9742
5454 2968 2968
757 4945 4945
5627 0 8166
1972 0 8578
4194 0 2141
2169 0 6933
8475 2362 1181
7275 0 7543
8232 0 6452
504 3794 3794
4637 0 8930
2503 0 9450
2336 0 9037
2115 4881 4881
7129 0 9443
6065 0 8273
3442 0 3306
5015 0 8889
1982 0 2129
7993 8208 513
3584 1670 1670
2891 3523 3523
2426 0 2472
9076 2896 724
5574 0 6192
7109 0 5395
7009 8030 1606
5502 0 2982
3508 0 5907
8636 0 5480
2644 0 7704
5375 0 1924
3725 0 6242
102 5760 1920
4708 3468 1734
2090 0 3902
3995 1842 1842
3283 0 4751
3665 7795 1559
3278 0 9821
3790 2976 744
9602 0 4034
5952 0 6554
7061 0 9070
6747 0 7118
103 0 7931
1252 0 4421
9366 0 6019
9344 2348 1174
2295 0 9148
6388 4565 415
8992 5805 1161
745 0 6530
5072 0 9846
8422 0 9194
8211 0 8504
2457 0 7182
7098 3058 278
276 0 1564
6713 0 9574
6447 0 3506
1323 0 7441
6531 0 8025
2479 0 8784
1300 0 7965
5143 0 8545
6695 0 7160
6034 0 7837
4820 8380 419
300 3657 3657
6470 0 8835
1625 0 7844
4683 4819 4819
4992 978 489
9384 2808 2808
8615 0 3579
258 0 8446
9226 6266 3133
3638 0 5956
1240 2268 378
6727 0 8757
6080 0 2336
6144 0 9203
4139 5478 1826
6123 0 3331
381 0 6492
5014 0 6120
1293 2049 2049
5578 7735 1105
1415 0 8252
6698 0 3257
125
1274 0 2389
8540 0 2975
4510 0 4722
1242 0 6127
39 0 9749
7076 0 9358
4872 0 7450
3675 3624 604
429 0 4204
5347 0 9454
4259 8424 702
1079 0 6768
624 1351 1351
1899 0 8111
6741 0 5580
9842 0 8237
4411 3844 3844
6905 6519 2173
7996 0 4100
441 1210 1210
6651 0 7342
1794 0 9659
706 0 9554
6519 4270 2135
7597 0 6801
8894 0 6427
1996 4688 2344
3157 0 8066
6631 0 8529
7945 0 6807
2388 6979 997
6216 0 5163
7640 0 8010
1427 0 5554
9891 0 5362
2187 5726 818
92 4824 1608
7421 5788 2894
4218 0 5461
3677 0 5712
135 0 7694
7090 0 6090
918 4634 4634
1720 0 9367
3758 0 5935
9368 0 3947
9744 0 7392
8521 6921 2307
4725 0 2728
9435 0 4872
6848 0 1546
8834 5499 1833
5820 9251 319
6965 4554 2277
2320 0 6131
1095 0 8185
9458 4992 4992
6834 0 9978
4272 0 7274
8229 0 8334
647 378 126
3382 6792 2264
2791 0 6121
5494 6104 436
6568 3711 3711
1202 0 5019
3446 0 5136
6202 1916 958
4372 7620 1270
7491 0 9096
1272 0 8087
313 3465 3465
1011 0 6082
8982 3491 3491
7162 0 6958
3295 0 5017
7272 4496 4496
7739 4935 329
1939 0 7279
6989 4154 4154
864 3370 1685
359 5175 1725
120 1885 1885
6260 0 6932
2851 0 8773
2312 4545 505
2573 0 7476
7943 3598 3598
5278 0 6221
2182 0 5931
2827 0 9640
4782 9269 299
2068 1206 402
8190 3710 1855
2572 5360 134
2839 0 1481
614 0 9547
6267 0 6316
1523 5374 2687
7975 4306 4306
8497 4194 2097
5963 0 4206
1234 0 9405
3440 0 8033
1847 0 6410
7782 0 6239
2701 0 6842
3192 3124 3124
3176 0 7937
359 0 6229
7395 0 4850
5124 6608 3304
4601 0 6615
1901 0 7731
5128 0 1354
3938 0 6066
400 0 4454
4221 0 8020
4076 3792 632
5182 4475 4475
4815 7839 39
3745 0 660
1229 0 7540
3308 7070 1414
138 0 7952
125
2855 5496 2748
8721 0 7401
1586 0 5866
846 0 5087
4092 2942 2942
9903 0 5008
6038 375 375
4339 0 5520
7427 0 3094
9288 0 5116
1431 4417 4417
5758 3453 3453
5099 0 8295
6260 3799 3799
1340 0 7251
2569 0 3717
5674 5098 2549
2923 0 2242
8235 0 7319
4965 1490 298
9321 793 793
5733 915 915
9229 0 7513
1970 0 9797
1645 4493 4493
8253 5004 1251
5022 0 4552
5297 0 9332
6193 0 5777
1184 0 8915
8143 5215 1043
9624 0 6822
642 0 4136
725 0 8822
7539 4028 4028
222 0 3819
3562 0 9916
8576 2406 401
6707 5580 1860
4388 0 8476
2951 5060 2530
2523 0 6554
4498 3668 3668
5383 4952 4952
461 6063 2021
5732 0 8377
6607 0 5965
8393 0 3173
4595 2444 1222
809 0 8641
1376 4746 1582
9013 0 4638
1043 4779 4779
1189 4090 4090
4314 0 8194
6208 0 8412
1857 6324 2108
4562 0 2589
2224 0 5953
5302 0 6742
4824 0 9324
7260 0 6357
8638 1126 563
5335 951 951
2505 4797 533
7674 0 4424
5852 0 5010
2097 2777 2777
7012 2958 1479
8206 5996 1499
7363 0 9148
7333 0 7403
6855 0 2982
4377 0 8829
8500 0 8820
9241 6644 3322
3129 1098 549
2977 0 8612
4111 0 8338
7820 4426 4426
424 0 7702
2231 3846 1923
4007 8118 1353
3710 0 2562
7007 0 5000
876 8115 1623
9663 0 4528
2559 0 7134
2714 0 9784
2044 5180 2590
5747 0 9133
6930 4823 371
5380 4469 4469
9947 4248 2124
1863 4258 2129
2533 0 8166
7749 0 3337
5758 7128 396
6772 0 8119
2387 1483 1483
3483 4364 2182
2264 0 9002
9462 0 4415
8133 3665 3665
3022 0 7101
1074 3860 3860
1755 0 737
5704 0 8972
8537 0 3300
2668 2764 1382
7851 0 7689
3687 8985 599
8049 5616 624
3785 0 7710
4297 0 9318
1416 0 7619
4661 0 6348
7461 0 6761
8938 0 816
2171 0 3826
6009 0 4695
5897 6810 681
6003 0 4758
8776 7870 1574
1664 0 7974
125
3476 4206 4206
5529 0 6891
2962 0 6873
3516 3554 1777
715 4739 4739
6130 0 4948
434 0 7453
5039 0 2662
2698 0 2324
4435 0 8136
4907 4091 4091
2777 8004 348
6168 5133 1711
5584 5012 716
3739 6864 572
1110 4638 4638
4744 0 5212
3429 0 8798
991 0 7548
7669 0 9303
6475 0 7895
2824 0 4963
6117 0 8767
3590 0 2956
3621 7095 645
4845 0 4818
9672 0 9280
2303 3072 512
7254 0 5835
9213 4425 1475
9777 0 6338
5176 0 7220
7351 3405 3405
7814 0 5144
4740 3020 20
4006 5308 1327
3459 5388 2694
6815 0 9181
8873 0 8706
2878 4100 2050
2170 3281 3281
4432 4732 4732
4472 0 4693
7478 0 3673
2425 0 9502
7586 0 3971
4934 1412 1412
2270 0 9738
5274 0 2154
3082 3964 3964
4457 0 7863
5455 0 3877
5451 1567 1567
7036 1787 1787
8963 0 9025
7732 5076 846
6065 0 8284
732 0 6414
833 1450 1450
3702 0 8555
8009 0 6748
3304 4670 4670
4046 0 5833
7051 0 7047
9251 3450 1725
825 0 9755
4026 0 5948
3345 0 2366
2715 0 5609
5573 8001 1143
3434 0 1560
4931 0 6764
3631 3550 3550
4188 0 8718
8730 3390 3390
9588 4120 4120
800 0 3969
6261 0 5608
7373 0 6228
6104 0 5014
6103 5810 1162
2346 5698 2849
4699 3648 608
7194 4716 4716
1332 0 8528
4388 0 2712
4403 0 6171
5026 0 2604
7608 0 7344
8071 0 6695
2746 0 9256
8353 0 7719
8394 4908 4908
9075 3921 1307
4211 0 5818
163 0 4258
9560 0 7005
850 4156 4156
5378 0 3148
8077 0 8556
381 2109 2109
7951 0 7675
1369 7107 2369
4663 0 4439
4714 1834 1834
6562 0 5097
7478 0 5557
7140 0 9826
3713 4345 4345
7946 0 3019
1511 6591 2197
2976 6462 718
7159 5934 2967
4012 0 5171
3505 0 7985
4250 2088 2088
1358 0 5975
355 5412 1804
4162 0 5372
2461 0 1607
4141 2477 2477
2245 0 6801
3481 5612 1403
7974 0 7349
7641 0 6304
125
7600 0 7410
3172 3774 3774
3606 0 6173
3356 0 6524
8578 3087 3087
3027 0 9391
5205 0 5973
9666 3393 3393
9762 3583 3583
7324 0 6582
6268 0 5665
5535 0 5062
411 0 9556
7198 0 6211
7509 0 5072
4068 5592 1398
4477 4524 1131
5360 0 3988
4190 0 8912
6310 5360 2680
9812 0 2034
1840 0 7677
2335 0 2955
979 0 2909
1230 0 3775
5756 5946 1982
3683 0 6479
5096 3558 3558
3612 7986 1331
7479 3059 3059
1778 4746 4746
9191 0 1580
839 3430 3430
1690 5744 1436
1615 0 6170
2941 0 8669
8126 0 9232
9929 5015 1003
4961 0 6561
2283 4655 4655
5847 0 7889
2494 0 8705
1208 0 7938
8478 0 9282
9016 0 2143
3201 0 2965
5326 3749 3749
8244 0 9538
6899 3807 3807
7828 0 2458
6955 0 6293
9312 0 7265
4602 0 7324
5294 5551 793
9273 4506 4506
2706 0 2742
2886 0 5130
2592 0 9639
8474 0 9012
535 2044 2044
2783 0 4772
9864 0 6832
3070 7705 1541
1968 0 6603
9128 0 6634
4126 9216 768
3697 0 9792
8623 0 8247
2354 0 6946
4838 0 8509
4953 0 4716
7925 3551 3551
2806 4094 4094
4199 0 9449
1200 3594 1797
2745 4403 4403
8502 0 9148
4869 4056 1352
1201 0 8799
1637 1146 191
3797 0 5055
5421 0 2645
3850 0 9349
4270 7391 389
7333 0 6619
2470 1948 974
1927 0 8511
3071 0 4618
1754 0 5869
9826 5270 1054
2926 0 8906
4131 0 4540
433 0 6007
405 0 4015
753 2836 2836
7962 2310 66
4061 0 6346
5938 0 3138
7459 6192 1548
7063 0 6876
3709 0 8572
5377 0 2127
2001 0 7239
5714 7828 1957
4569 0 3459
2725 4363 4363
7555 0 6739
7872 2394 266
804 0 5662
8184 0 6051
3504 6426 3213
8108 0 2632
8544 0 8319
1890 0 5708
8456 3352 838
5945 0 1424
5685 1308 436
4533 0 5925
9049 0 9503
9674 0 4463
6862 0 5987
2776 6715 1343
3351 0 7606
1795 0 5051
6179 0 5559
125
313 0 5804
1704 7587 843
3139 0 8626
9065 4276 4276
2118 2820 2820
9019 0 8266
7829 2628 6
7633 0 7019
5246 4626 1542
4305 0 8597
3428 0 2294
7965 0 4578
9847 0 8953
1001 0 7061
3425 2656 2656
2483 4154 4154
2077 8034 618
1491 0 8642
1902 3977 3977
7823 0 7559
4407 0 6668
7204 0 7731
4965 6945 2315
828 0 4509
2680 0 9946
5222 0 5074
5201 0 68
8583 0 7717
4244 0 8619
6877 3697 3697
107 4979 4979
3357 0 7027
5211 0 8823
6470 0 7938
4386 0 8704
4380 0 8367
9693 0 3215
3816 6320 316
2886 0 2463
7861 0 9086
6154 0 6265
4480 0 8786
690 5420 2710
2704 0 8170
5770 0 2502
4 0 1106
3320 2508 114
242 0 8683
216 0 8892
5622 2068 517
431 0 7636
5699 0 1783
7506 1419 1419
7512 0 2377
3940 2847 2847
8362 0 7155
7764 3320 1660
370 0 8171
6081 0 9308
4046 0 5473
2485 8160 680
6460 0 5612
8330 0 7203
1796 0 2954
5436 0 6093
4426 0 9048
5542 4602 1534
2358 0 6134
9305 0 9822
713 8860 886
8183 0 1902
6603 0 9628
1148 0 5161
3239 4445 4445
8737 7766 353
484 0 9999
1065 2020 505
6119 0 1409
9068 0 4659
1957 4677 1559
1624 4805 4805
2280 0 6452
3173 0 8384
9364 6740 674
5342 0 6393
987 0 5384
7834 7570 1514
7728 3444 3444
5228 3984 3984
117 6216 2072
4143 0 9477
3186 0 3711
1640 0 3899
1470 5562 309
1306 0 6331
7331 3812 3812
3427 2751 917
2371 0 7567
6049 4254 2127
217 7080 1180
8009 0 5375
6110 8475 565
9183 8210 1642
9355 0 3688
7859 3544 1772
7180 0 8225
1976 6780 1695
8202 0 6465
8731 0 5838
2251 2602 2602
2893 1761 587
6492 0 9634
9019 4276 2138
4898 3969 3969
7406 0 9399
9111 3355 3355
689 0 8412
2608 7215 2405
8841 0 5001
3682 4173 4173
7394 0 5136
3206 6346 3173
9208 0 9981
6173 4979 4979
2625 3962 1981
125
6046 0 6152
7129 0 5856
5378 3397 3397
9545 0 7984
9031 0 7403
7346 0 5411
9278 0 7821
1669 0 8687
2804 0 6614
6532 0 8684
9238 1960 980
7639 0 5951
7565 0 3068
7412 1554 1554
1903 0 9963
600 0 8344
7933 0 10000
8774 0 6250
449 1889 1889
7670 2676 2676
8373 7568 688
9430 0 8491
582 0 5239
8583 0 4243
2978 0 3331
832 4196 2098
3352 0 9359
7891 0 9968
5657 2650 2650
7702 0 2507
517 4847 4847
2033 0 6527
3687 0 8568
6512 0 5989
6354 4656 4656
3952 4392 2196
4271 3072 3072
9235 0 8391
9040 3402 1134
305 0 4499
2658 0 7547
5829 0 6042
7174 0 320
1868 4598 4598
1971 0 5480
3983 0 8207
8281 0 5547
9918 6391 913
4665 0 7952
7750 0 9436
7723 0 9739
8673 4869 1623
2086 0 9412
936 0 9528
838 0 9375
6625 0 6419
4724 0 5953
7604 6651 2217
5972 0 4255
2983 0 5975
2901 0 7557
8309 7256 1814
2419 0 8661
4349 0 8387
5834 0 9338
9703 4907 4907
8927 4592 4592
7795 0 4694
8848 3981 3981
3042 0 1726
6870 1207 1207
4806 0 9876
8614 1442 1442
1749 0 6540
2675 0 5224
4180 0 6823
5179 0 4407
1895 3230 3230
8332 0 3656
3163 0 7865
7004 6300 150
8183 4932 548
9258 0 9481
813 0 8207
8418 0 5692
3930 0 7821
1136 0 6610
1850 6084 2028
6487 0 7991
8899 0 5779
3257 3798 3798
3401 4845 4845
9105 0 9930
2313 0 2731
8051 0 7259
4994 4702 4702
5311 0 9315
8180 0 1721
8875 3174 3174
1976 4987 4987
3095 0 3409
7511 7326 198
3462 3878 3878
9514 3689 3689
633 0 6256
838 0 3045
4540 0 2532
952 0 2998
9375 0 2240
7502 0 9542
6910 0 9076
4623 0 6810
6764 0 6107
1222 0 8468
2568 0 6175
2298 2144 1072
7529 4480 4480
2314 7128 216
6802 0 7404
4236 4862 2431
7266 0 866
2173 0 2102
3706 4689 4689
3460 0 6847
9937 0 7600
125
4931 0 8159
4425 0 7088
6412 4976 2488
907 4131 1377
2178 6045 39
43 0 9166
736 0 8500
7677 0 3284
3319 6356 908
2307 0 8148
8689 0 8516
6854 0 4603
8802 3133 3133
6869 0 3119
1854 1197 1197
8098 3385 3385
8857 0 7190
2865 0 1469
1212 0 3984
5287 2372 2372
5741 0 1324
1230 0 8777
3514 2632 376
6809 6104 872
1272 6130 1226
3706 0 1112
8154 0 9934
2582 0 9575
8778 0 8979
1615 0 4937
3243 0 9156
2020 0 5612
9759 0 4703
8523 0 7393
1066 0 7090
1899 4411 401
8702 8127 1161
3355 1129 1129
6384 0 8958
9905 0 5756
7426 3992 1996
716 0 6691
3618 5995 1199
8941 4661 4661
2921 0 7638
9028 4348 2174
2890 5048 2524
2609 0 9159
1148 2409 2409
1787 0 2829
8004 5708 2854
1970 5270 1054
3746 6450 1290
6068 0 5039
82 0 7170
4343 0 2920
1161 0 7681
8294 5426 2713
2328 0 6782
2947 0 5559
6920 4480 4480
5657 0 9544
8756 0 4519
8571 0 9063
5552 4579 4579
7917 3868 3868
6090 8192 1024
4956 0 8752
9489 0 4091
6048 2405 37
3414 0 5205
1009 0 9910
4680 0 6661
7717 0 5501
3968 0 9277
3987 0 9480
4324 4202 4202
528 0 9472
146 1023 341
3164 0 6905
9952 0 7133
8795 4306 2153
8556 0 7834
3801 3156 1578
8790 0 4576
8650 3680 1840
4440 1075 1075
3231 0 9965
2776 0 9217
5411 0 7575
9096 0 4148
9645 3521 3521
9632 0 3458
7389 1194 597
7067 875 175
5668 0 9790
9883 0 9844
3983 0 7155
7564 0 8347
7752 0 5488
1965 0 7268
662 0 8823
7456 0 9577
189 6204 2068
3970 0 7212
3905 0 7855
6472 8322 1387
7685 0 6972
3025 8800 550
3283 0 4599
278 0 7746
669 0 6726
2336 0 7656
6445 0 8211
9412 3312 3312
1455 4458 4458
1245 1672 418
8826 0 8266
5073 2530 1265
5397 0 7995
4541 0 5661
1186 4291 4291
503 0 7366
9646 0 8878
5335 1212 303
125
1974 0 9370
1573 0 4488
4517 7038 1173
1010 6890 1378
3569 7476 534
8237 2586 862
7205 0 7530
5827 0 6914
2761 2568 2568
7733 3762 3762
2234 0 7434
6615 0 5433
9295 1035 1035
6326 4864 1216
6095 0 7650
733 9265 545
5251 0 5831
4297 4741 431
1707 0 5669
6393 1773 1773
4720 1556 389
2312 0 7409
2470 0 7089
5998 2143 2143
6876 0 9141
316 5229 747
5697 0 9831
4269 0 8049
9820 8292 691
2524 0 4341
4799 0 7361
818 0 6452
9928 0 3529
932 0 7165
4634 8667 963
3465 0 5271
4207 0 6513
4063 7980 1330
1861 0 5215
1241 0 6627
5938 2248 562
3321 3443 3443
3479 0 7254
5913 0 9415
5571 0 4301
3 0 5395
8779 8580 390
2761 0 7015
7037 0 7514
5021 3805 3805
9695 4110 822
3316 0 7467
5193 1130 226
1173 5148 429
5317 0 9975
7196 0 2594
4264 0 5094
7850 0 1592
8451 0 7347
2397 0 6998
4493 6180 2060
5425 1710 855
9649 0 7625
3527 0 8596
8602 0 7651
6256 0 7770
1235 0 9761
5188 5252 2626
3825 0 6349
3375 2167 2167
2881 4925 4925
3386 6792 1132
7545 2901 2901
3398 2790 279
6487 0 2245
4417 0 3665
6793 7180 1436
9742 0 6702
727 0 7505
1927 0 3215
5925 6450 3225
4286 1108 554
1743 0 2721
4361 0 4521
6942 0 6595
5776 4727 4727
8302 7410 1235
8494 0 3541
1303 0 7340
2171 0 6189
9334 0 5141
6904 2655 885
2552 4635 4635
3611 5763 1921
7713 6168 1542
7143 833 833
1282 0 8451
7595 0 7784
5077 5283 1761
9175 0 7126
8518 7680 1536
8961 5846 2923
3573 4107 1369
5598 2122 2122
8213 0 3999
2277 3861 3861
684 7830 261
8013 0 7634
9112 3840 3840
8274 4036 2018
3844 0 6978
7641 0 1576
7863 3133 3133
6287 0 6969
2761 2987 2987
2936 0 1051
8071 4784 4784
3260 0 9245
1579 0 9423
9800 4770 530
4988 4584 4584
5233 7572 1893
3011 4368 364
2683 0 6863
2555 2911 2911
125
1147 0 2306
9538 7380 1476
9056 0 7919
524 5824 2912
5540 0 7658
7658 7609 1087
7321 0 7151
2836 0 9538
867 4585 4585
3242 0 9570
519 0 5484
8607 3882 3882
2277 0 9659
4856 0 5178
5517 0 6665
7182 0 9880
6821 2850 2850
9442 0 5343
8759 5914 2957
4245 2872 2872
4199 0 7734
8136 0 7580
1814 0 7825
309 0 4768
7290 0 5908
5614 1096 1096
7216 0 3044
2041 0 8484
8986 0 9516
6560 0 7679
6151 0 9841
3602 4002 2001
5174 0 7168
2965 0 5900
9845 0 7294
4996 0 7670
8158 0 3316
7299 2852 713
4652 5355 1785
4638 0 5914
9347 0 5734
4490 0 6202
6180 0 8199
5413 6590 3295
311 0 6112
8476 4160 2080
9653 3912 3912
7291 0 7116
7760 0 9965
1960 0 7093
669 0 3177
3098 0 7450
938 6586 3293
2030 0 7538
8163 0 8604
5500 0 4723
9148 0 4232
2527 7224 903
2078 0 6782
3879 0 9322
2148 2021 2021
6965 0 9194
9901 0 9834
2815 8616 1077
3263 6020 3010
7258 7170 478
4830 0 8942
4582 3825 225
6966 0 8176
1601 5782 2891
947 0 7195
3719 4191 4191
9694 0 3838
2934 0 5961
61 0 7953
3126 0 9713
8059 0 1614
2738 0 3917
8692 4340 868
8145 4632 4632
7246 0 9622
5397 0 7774
8701 0 6763
5796 5854 2927
5856 0 9710
2911 3768 3768
4239 2762 1381
8194 7679 1097
8219 0 7415
6175 0 9884
7602 5660 1132
2924 0 6954
9147 0 908
9073 5955 1985
6925 5028 2514
8581 0 7324
8902 4937 4937
388 0 7642
9588 0 7446
7407 3815 3815
7582 0 5924
5659 0 9422
5493 0 4993
9523 0 9493
4752 6124 3062
611 0 4494
1654 0 5724
1397 7296 128
1924 0 6297
7215 0 9228
5141 0 7652
2127 0 9069
1950 0 6736
9188 7909 719
2290 0 8174
8877 0 7609
6563 0 2319
5184 0 1688
5737 0 7357
3315 0 9334
8017 0 5039
5605 3108 3108
3970 0 6330
8224 0 6953
7418 8554 329
125
6748 2743 2743
1205 2115 141
5811 4340 2170
8157 7680 480
104 0 7884
5548 4647 4647
4754 0 6926
6494 0 3702
1148 4790 479
5438 0 4782
5906 0 5295
9906 0 5302
6111 3664 458
1846 0 9465
4738 2992 1496
9500 0 5027
8402 0 6927
4572 0 5375
8834 4647 4647
3793 5404 2702
4682 0 5461
4275 8022 1337
8483 0 7528
3426 5792 1448
392 4199 4199
7649 0 6521
5776 6320 3160
2145 0 6112
6198 0 4676
8840 0 7625
7507 0 3773
5365 0 5331
4255 4240 848
5863 0 3661
1632 5624 2812
7546 5328 74
6587 0 9578
2857 3954 659
3165 0 8373
9706 6787 617
8066 0 7389
7171 0 4810
4721 0 7939
6351 5986 2993
2089 4879 4879
389 0 7880
7458 5898 2949
5070 2462 2462
2443 0 4184
6499 0 6438
9473 0 5793
7978 0 9377
8668 0 8690
4788 0 6069
1233 0 4345
640 6919 629
3877 0 9094
4501 3726 1242
1209 0 6390
773 0 3021
7795 4011 4011
4013 3937 3937
4653 0 6574
3936 2577 859
1039 0 5657
307 0 888
2768 0 7421
3619 4990 2495
3721 2629 2629
1034 0 7887
4466 0 4484
7232 0 3081
5027 0 6165
7305 3525 3525
3085 3396 1132
4904 0 7769
58 0 3426
9352 7536 1256
5314 0 8297
2521 0 2674
2047 8316 1188
4239 5277 1759
8036 0 5591
3592 3605 515
8689 2064 2064
8539 0 4593
5443 0 5642
348 5600 1120
3466 0 7995
3274 5680 2840
9587 0 6185
4105 2730 390
7930 0 3029
6613 0 8605
3630 0 7551
6314 0 5356
6551 0 5146
2593 4010 2005
7945 4096 512
3991 0 5209
2058 0 6554
4727 0 8723
1265 0 6882
1207 0 6610
6112 0 5750
2197 3696 3696
4839 0 4338
2409 7890 1578
1742 7257 2419
7146 0 6582
1262 0 5942
3897 0 8694
8847 4463 4463
1796 5586 2793
5110 0 8041
2678 8442 469
6375 0 3560
5487 0 6198
7266 2663 2663
7471 0 7885
7406 0 8289
1611 0 2997
2231 0 5206
7593 7308 252
7868 0 2519
125
8676 5020 2510
9470 0 8428
4621 0 8094
6961 3775 25
1343 0 4765
7595 0 8665
9279 4170 278
5430 4095 4095
6758 5566 2783
8969 0 6180
7124 8538 1423
4988 0 5274
9397 0 7063
5329 0 5258
5050 0 8596
2074 0 3561
2780 5064 2532
6246 4844 346
8046 0 4184
9427 4010 4010
4669 0 9982
2463 0 8693
4261 0 4025
3468 0 7005
6455 0 8961
3307 3622 3622
1498 2786 2786
7124 3285 3285
5249 2324 581
6078 0 5445
3503 0 8727
138 4747 101
3898 7143 2381
771 0 5768
314 9520 280
9852 0 7162
4573 0 5362
9625 3682 3682
8114 2867 2867
5307 0 6200
9961 0 6035
4736 0 6571
2805 0 9897
1402 0 6155
1377 5132 2566
498 0 7277
9630 6354 3177
7426 0 5974
6556 0 9479
8248 0 9825
5132 1275 1275
6307 0 1210
8666 6573 939
5870 4112 2056
3528 0 8039
9623 4844 4844
6360 0 5505
436 7889 343
579 5350 2675
1721 8721 969
7079 0 7383
2265 0 8371
4982 0 5227
7627 0 6169
3064 0 4536
8137 0 5488
31 0 5833
5157 2131 2131
3050 4135 4135
2184 0 7047
33 0 9765
6046 0 6099
4875 0 6107
89 0 6569
1312 0 3694
7993 0 6540
1000 0 5518
9852 0 9496
8590 0 9705
3765 0 9278
2546 1050 1050
3984 0 8510
9389 6612 3306
4551 0 2207
7641 0 7025
2228 8600 50
1571 2417 2417
8573 6291 2097
1710 0 5735
5791 0 6554
8642 0 9949
2775 0 9434
1082 0 5973
9778 0 6755
4282 5844 1948
3214 0 5532
18 0 4890
4772 3560 1780
6644 3840 1280
6388 2744 49
8566 3366 374
1664 2348 1174
8550 2597 2597
5116 3443 3443
2859 0 6163
8884 665 665
6422 0 4951
1945 0 6559
7775 0 6310
3688 0 8819
4332 7414 337
9175 0 5581
8625 5882 2941
1665 3255 3255
8645 8715 1245
5580 0 3446
1288 6282 2094
8504 7578 421
4293 0 9997
6597 0 6343
5550 0 7169
6047 1972 493
8886 0 4786
3048 0 4470
7056 0 5857
125
5020 0 4945
7903 1814 1814
9300 4891 4891
1979 0 6766
810 4005 4005
7985 0 4725
8962 0 8009
792 0 5436
282 0 5634
4415 4474 4474
3498 0 3068
9956 5448 1362
9809 7959 1137
8220 3675 3675
4690 4656 2328
7451 0 8678
728 0 7745
6351 0 6985
9357 0 9151
2382 0 6973
373 2264 2264
5276 0 9584
3012 3318 3318
3438 0 5422
5945 0 6120
2976 2695 2695
3078 0 6847
3602 0 5162
5361 3916 1958
3356 0 7614
2199 0 5684
2563 6852 1713
5202 3711 3711
6264 0 8157
6601 5192 2596
9716 0 5675
2964 2217 2217
2424 2542 2542
7357 0 8517
8827 4668 2334
285 2760 460
6989 0 9799
6434 6264 783
8453 0 5520
4798 2972 2972
128 0 2656
1536 0 3565
3543 0 4843
5391 0 9769
3473 0 8857
1973 4737 4737
8192 0 4893
8415 2225 2225
2740 0 6682
8464 0 7082
4612 0 2181
6162 0 6406
7111 0 6547
1324 0 4373
3329 2464 2464
2070 0 7590
8255 4696 4696
1159 0 9102
4639 0 7762
8041 0 8604
7622 0 7758
8000 0 7858
5066 0 367
3101 0 8274
560 0 9216
2260 0 9406
8795 0 7963
326 0 9529
117 3983 3983
9329 0 6818
6817 0 8267
2578 0 6336
762 0 6001
2851 0 8335
333 3730 3730
1413 4454 4454
9186 7785 519
3937 0 7069
8223 0 2718
2561 0 8249
1689 3248 406
9608 0 4151
7479 8820 630
2184 5456 341
3093 3775 3775
2168 2606 2606
4649 3949 3949
1457 0 6078
257 0 9793
4342 0 3363
4182 0 5074
7164 7812 1953
8325 0 5992
3187 0 5185
671 0 9719
4763 3225 3225
3117 0 6891
7752 0 8789
2768 0 5675
8328 9658 11
5428 0 7348
6344 0 3219
7951 0 8305
1203 4382 2191
4849 0 9620
9439 0 9436
6615 0 9005
5974 8305 755
653 0 549
6119 2762 2762
343 5398 2699
6038 0 6105
175 0 6083
3523 0 6327
1929 4022 2011
8642 5874 534
4085 0 3541
3804 0 8898
9130 0 6297
3941 7420 1855
125
2684 7299 2433
9920 670 670
2598 0 2675
3499 0 7929
2344 0 6883
740 0 4559
8300 0 6408
1527 0 5452
3880 0 7834
4097 0 9987
8727 0 7748
2910 0 6312
686 0 5493
2402 0 9977
3972 0 1321
4314 0 9723
3291 0 5971
6896 0 9536
1581 0 6617
2619 4129 4129
2137 0 7325
907 0 9817
321 0 9821
4504 0 3903
5864 0 3229
811 0 7466
8977 0 6741
4727 4695 4695
3147 1571 1571
2630 4985 997
7717 8540 1220
7087 4745 4745
5242 0 5132
4271 0 9355
470 0 9483
939 0 7428
4006 0 7376
1684 6114 2038
3469 0 7149
4878 9072 756
2027 0 9741
6138 6764 1691
8419 0 6897
5269 0 3418
5447 1964 1964
8830 7665 219
2993 0 8133
5579 0 4553
3933 0 4200
4845 5904 1968
9090 3776 236
242 0 3019
2074 0 6113
3539 0 6727
3351 0 8140
296 0 3102
1124 2316 1158
2711 0 8607
8595 0 9272
8629 0 8934
1330 0 5538
9121 0 5557
2455 7248 2416
8059 8491 1213
1524 0 9020
7303 0 5188
7601 6632 3316
9267 0 5662
2256 0 3682
4664 0 3322
9784 0 7735
5396 0 6559
7307 0 8144
1528 0 2673
2500 0 6046
519 2219 2219
4746 5616 208
361 8576 1072
9449 9682 103
8005 4005 4005
918 2164 2164
7734 0 8529
7552 0 6531
6306 0 8731
2249 2856 714
190 0 7255
2275 3780 1890
341 9112 536
8372 0 4659
5099 6408 3204
6780 1102 29
2454 0 7695
8194 0 9477
8913 0 7442
3393 8424 936
5038 0 5716
4872 5538 2769
6933 0 3348
9220 0 6065
4119 0 7892
737 5055 1685
7869 0 7791
4717 0 8555
1300 0 7232
1679 0 8375
6358 4019 4019
4697 5214 66
9277 1175 1175
2334 0 5102
1954 7038 1173
9201 3108 148
3635 0 1359
4328 0 2760
971 0 4174
7389 0 3907
2275 0 7738
3764 4461 4461
7151 0 7108
5853 0 8324
7326 2924 1462
8336 0 9417
3245 7371 1053
1010 1448 1448
853 0 5063
2600 0 5381
125
7624 0 9012
4988 0 9924
3679 7110 1422
7460 0 3795
6247 0 9574
2767 0 9433
1500 0 8035
3522 0 7486
5637 972 972
5937 0 6955
435 0 7562
1873 6775 1355
1699 3644 3644
2474 4781 4781
7660 4078 2039
2510 7220 190
976 9408 392
8460 3999 3999
6603 1044 1044
1335 0 5719
4626 0 3009
8602 0 6543
7170 0 1654
3100 4708 4708
8242 0 9545
2750 0 9533
3557 0 6144
9224 0 7360
4999 0 9649
4916 0 6471
5119 3031 3031
7652 0 3042
9694 0 5463
1232 0 9343
5823 0 5577
186 0 6067
8928 0 9283
4219 3515 3515
4908 0 9382
2824 3240 3240
8672 0 8362
1876 0 8579
2385 6392 3196
7786 0 6806
8554 1758 1758
5281 0 9436
9032 4719 429
6669 2355 2355
6798 6372 1062
7193 0 1313
7234 0 7845
4659 0 9036
8072 5280 480
8323 0 8487
8162 0 9320
8456 0 2851
2820 6769 967
1282 0 7140
2672 0 6226
1410 0 5522
8281 2199 2199
7065 4455 99
107 0 9854
9035 0 8156
8200 0 5466
3599 0 9628
610 1773 1773
7586 3490 349
7174 0 5174
2192 1952 244
860 0 4445
4807 0 3725
6671 0 6619
2479 0 9342
9779 0 2776
1343 0 8942
9931 0 6836
9055 0 7189
1667 992 992
6760 6685 1337
8829 0 7578
3298 0 5051
6536 6816 2272
9090 0 9977
8041 4593 1531
1881 0 6569
1173 0 8371
2695 0 8986
5338 0 5633
1599 0 5516
9078 5620 281
4565 0 8123
5981 7942 722
953 0 5958
7046 0 4379
6021 3682 3682
9667 0 6025
5817 6908 1727
3318 0 5909
1428 0 8525
951 4392 2196
5026 0 7272
7978 1264 632
1834 2798 1399
2121 4735 947
1628 3845 769
6658 0 5341
6162 0 8682
283 0 9105
5515 2176 2176
2989 0 6484
8846 0 7949
312 0 6721
1928 8715 1245
5754 0 3170
8630 0 8919
674 6777 2259
4391 0 5570
6181 9480 158
7850 0 8229
2708 0 7694
5777 2358 393
844 5558 2779
857 0 7509
2521 3400 3400
125
1630 6626 3313
8286 0 9705
3730 3802 3802
2547 0 4455
610 0 8787
6838 0 3997
5887 4021 4021
6645 882 882
4229 0 8031
1934 0 3260
5034 0 9107
9806 7650 75
914 5422 2711
2352 0 5244
5807 0 7966
743 5072 1268
3615 3316 1658
2883 6747 2249
8525 0 7091
357 0 9419
2288 0 4411
4269 0 5378
1798 6484 1621
5887 8500 850
9366 4428 4428
3615 0 8647
2477 0 5339
7262 0 7644
4427 0 8029
4750 0 5171
2407 0 7644
8025 4765 953
4355 0 7952
1510 0 5825
6552 0 8633
8514 0 6685
8570 4924 1231
2758 3801 3801
6167 0 4836
1897 2972 2972
6639 2323 2323
6997 0 6967
7045 5193 1731
127 1216 1216
260 0 5384
7729 0 7345
6823 0 8797
2608 4703 4703
4074 3453 3453
5925 4548 2274
8086 0 7949
7140 1855 371
7759 0 7416
6760 1812 1812
4067 4932 411
2064 2700 540
6504 3751 3751
5350 0 5810
9763 0 8203
2674 0 4129
8235 0 1899
433 6843 2281
8153 0 1352
2143 0 8399
7434 0 5646
2293 0 8726
8006 0 6933
4845 0 3507
4236 0 6981
4771 0 8020
7395 0 7409
8372 5289 1763
6531 0 7037
4065 0 6526
2194 0 3424
5293 0 2244
8201 0 5959
3643 8505 945
3807 0 9150
2890 573 573
5966 0 8563
3159 0 5636
9693 0 5074
4001 0 7849
1294 5350 535
9162 0 5997
8965 0 1933
1703 6134 3067
8109 4225 4225
2871 0 3463
759 0 3849
4795 0 9894
3715 0 8504
7573 0 5739
8241 0 7314
1228 0 3394
7594 0 6301
4011 0 6169
3650 0 4706
4603 7812 62
9880 3604 1802
4625 0 7999
5345 2695 2695
4215 4015 803
3036 0 6610
7668 2522 2522
4219 0 9722
1154 0 3071
1785 0 9904
8667 0 2087
4355 0 6016
5900 4688 2344
4650 0 8390
8581 0 5523
4174 0 7915
8406 0 5435
1802 0 6442
2936 4728 1576
5484 3265 653
1742 1665 1665
1398 1714 857
9073 0 6920
8729 3522 1174
8709 3379 3379
1254 0 7066
0
