12
24 234 13
11 96 6
1 105 7
15 17 17
15 300 12
1 240 15
10 35 7
2 161 7
19 45 3
20 21 21
22 45 5
20 192 8
1
13 408 17
25
22 210 21
22 153 17
23 18 2
12 125 25
5 12 1
4 221 17
20 154 14
18 160 20
14 126 9
1 408 24
15 234 18
1 18 9
5 150 6
10 456 19
13 20 1
2 143 13
9 256 16
21 144 16
12 23 23
5 342 19
18 294 14
2 126 7
1 55 11
21 91 7
5 300 12
5
1 72 4
5 221 13
23 525 25
14 38 2
16 65 5
11
25 176 22
3 33 3
16 480 20
15 340 17
4 288 24
10 60 6
8 44 2
3 437 23
10 315 21
7 78 13
7 121 11
125
66 8708 311
9461 0 7576
3597 0 4620
8523 0 1421
3956 0 8492
8651 0 5897
7108 0 6873
4577 0 3828
8655 0 2891
5690 0 7942
6287 0 8160
1748 0 9538
5738 0 7454
3197 8256 1032
391 0 9870
279 8450 845
8995 0 6277
6167 0 8687
7571 0 9953
8136 3728 1864
3874 8631 1233
6335 0 7650
5244 0 7604
3735 0 6845
2524 1690 1690
3700 4668 1556
5645 0 6128
5306 3391 3391
8385 0 9374
9493 0 8697
483 4853 4853
2709 1497 1497
8055 2912 104
4089 3373 3373
6987 3579 3579
3599 0 4998
1376 0 5897
1476 0 8412
5274 0 7642
6416 0 8070
9930 0 5241
8391 0 7672
5365 0 5094
6651 2863 2863
2701 5648 2824
4047 0 5085
5612 0 9160
9213 0 8998
8912 4573 4573
4375 1626 1626
763 4905 1635
8142 8370 270
4856 0 6107
1791 0 8180
3704 0 2199
7930 1380 1380
3433 0 5907
9477 9408 56
9611 4321 4321
1234 0 7558
4074 0 5083
5305 3604 3604
2113 0 8783
8622 8400 168
7453 0 3379
5193 5358 2679
254 0 5229
4353 0 8872
8804 0 9448
4725 0 9021
7860 0 8245
22 3429 3429
1510 3631 3631
3400 689 689
4177 0 9910
506 5750 1150
7937 0 8018
8683 0 6727
5078 0 9025
5477 856 856
3217 0 6088
2022 0 5604
4192 0 5574
5195 0 8044
9136 3392 3392
3114 0 4551
351 0 8857
7803 0 6342
6605 0 3352
2294 4419 4419
1006 0 6291
6013 0 9150
5314 0 8043
6184 3720 930
6555 5680 2840
3999 0 8596
6183 6546 1091
3517 1830 1830
3951 0 2646
1658 0 2659
2176 0 9490
5657 0 8723
6292 0 8811
3225 0 8454
3744 4580 2290
2875 0 8998
3118 0 7676
2391 0 7988
8793 0 8212
8948 0 5816
2430 1943 1943
647 0 2763
3641 0 9040
4144 0 4981
3890 4588 2294
6146 0 6229
2746 0 7214
5432 0 4195
869 0 6522
3847 0 4668
7611 0 8332
9921 0 5481
6680 0 9097
9578 0 5981
9179 7215 2405
125
5779 5844 2922
8125 0 5839
7847 0 7991
7064 6638 3319
8099 0 8996
1345 4740 4740
8359 0 7484
6838 3915 783
342 0 7282
6401 3316 3316
4416 5950 850
2193 0 9660
7373 0 3205
6703 5244 2622
1344 0 8859
5419 4068 4068
5201 4791 4791
8612 6930 1386
6808 4508 2254
6418 8359 643
7649 0 4349
7903 0 8306
7430 4315 863
2331 0 4708
735 1812 453
4203 0 2619
9774 0 3473
822 0 5113
9300 0 8240
5378 0 9215
2241 3173 19
8989 0 3163
881 0 9549
650 0 8617
5490 0 5783
9468 5412 1804
6953 0 6493
3073 0 4798
7240 0 4299
2209 0 5895
2267 4258 2129
3819 0 5330
1238 0 6439
4393 0 6134
7271 0 3086
982 3904 1952
1441 0 4991
8324 3970 3970
832 0 4857
7737 0 5928
8891 8400 600
2403 0 2506
6181 0 5527
4128 0 5479
9174 0 3518
9075 0 7529
7102 0 4817
2018 5816 1454
5488 5391 1797
1573 3881 3881
1999 0 9043
1356 0 6055
6407 0 8881
5899 3012 753
746 0 9097
6557 0 6390
5687 1881 1881
6055 4701 1567
5809 0 7552
795 0 8067
9511 0 8957
8244 4387 4387
3509 0 5441
2727 3145 3145
4623 0 2622
2602 3311 3311
2083 3650 3650
1049 0 8009
2229 0 6341
3589 0 6437
9203 0 6451
4706 0 9237
9399 0 5976
9303 0 7372
3885 804 804
4485 0 9345
8298 0 7575
3421 7684 1921
9884 4257 4257
6251 3450 345
9306 0 2461
380 0 6860
9360 2237 2237
7275 0 4373
2394 0 2898
8218 0 3298
9356 3429 1143
433 6687 2229
3426 0 8875
9827 0 6838
6709 6736 842
9905 0 7817
9962 0 4587
3063 4920 4920
1325 304 304
4325 4652 4652
8084 3717 3717
9021 3291 3291
150 7910 1582
1226 0 7068
7585 5776 304
5508 0 7250
6492 0 8567
4830 6538 3269
1215 0 7694
7849 0 8850
9661 0 7746
5483 0 5168
3767 2576 2576
5961 0 9667
6568 0 7630
4645 0 6932
5999 0 9127
5928 0 8867
8822 0 7869
125
5132 1916 1916
4005 4212 4212
1983 6696 372
3304 6285 2095
3919 5170 2585
4136 0 5488
2441 0 5457
7708 0 8149
1822 0 9881
844 0 8311
3467 4132 2066
6957 0 1776
2015 4007 4007
7551 2391 2391
5675 0 4134
9276 4915 4915
1244 0 8213
1517 0 4671
35 4574 4574
3797 0 6837
146 0 8385
4437 0 7327
8758 0 9570
6714 2660 380
979 0 7779
1926 4303 4303
5092 0 4065
3939 4530 1510
1222 3617 3617
3016 4541 4541
3768 6072 1518
3755 0 5048
8400 8052 732
5180 0 9278
2164 0 2571
4071 0 4288
5164 0 3522
5131 5174 2587
8135 0 6726
306 6385 1277
6272 2895 579
1472 0 8782
7438 0 8269
4193 0 9045
9077 0 5059
8814 3836 3836
8850 0 8773
9719 0 5186
453 0 7768
4907 0 7519
5453 4254 4254
8640 0 2573
8374 0 9744
9287 1567 1567
5985 0 9007
232 0 3886
2411 3978 1989
7553 0 5354
3481 3451 3451
6350 0 6016
6827 6411 2137
3126 6798 2266
3608 0 9479
4951 0 9886
5496 0 9451
2743 3486 3486
2990 0 3009
3459 0 9293
9354 0 7945
1542 0 8859
8241 0 5277
305 0 4656
2157 0 5066
2168 2577 2577
1733 2177 2177
1845 0 6467
4566 0 9719
6841 8289 921
9337 5706 2853
7392 0 2939
5503 8519 1217
7818 0 5943
4309 7130 230
4979 4245 1415
8256 0 8583
938 0 3253
8863 3306 3306
2779 6768 846
6402 0 4444
5638 4788 4788
2210 8035 1607
9824 0 5821
6898 7590 1518
8558 0 9231
63 0 4231
1122 1950 975
3202 2099 2099
3449 0 8452
2681 4928 2464
5191 0 4040
2880 0 9661
968 4694 4694
7453 0 5291
5552 0 6325
7521 2706 2706
6239 0 6139
6532 0 9592
7685 0 6580
8100 0 6846
8017 5154 2577
5832 0 7399
7571 3942 1314
3706 4602 2301
792 6002 3001
6980 0 8842
2745 0 9754
5466 0 6472
2777 6640 1660
909 0 6952
2739 0 7096
186 3264 3264
4320 0 7984
4127 0 3538
9765 0 7686
4817 6818 487
125
7352 8080 1616
1739 4042 4042
9847 6434 3217
1868 0 1649
8291 0 6815
8573 0 7802
8072 0 9623
7139 5325 1775
5368 8800 440
9243 0 6841
1010 0 5648
9169 0 6265
5654 4898 2449
1447 3262 3262
1028 8183 1169
6300 4408 1102
5274 0 6397
4509 3222 537
9072 0 9111
4351 0 7050
9742 4743 1581
618 0 5832
3890 0 2434
6749 5948 2974
3930 4788 4788
8967 0 3617
2308 0 9986
8939 0 5754
4564 1918 959
849 6936 578
4 0 8831
9260 2604 1302
7472 0 4135
1452 0 2122
2938 4787 4787
7724 4250 2125
3152 2036 2036
3286 4203 4203
230 6058 466
2925 0 9443
6795 0 7916
8098 0 8493
9594 4160 2080
3726 0 9876
69 0 8117
8700 0 5411
6131 1210 242
1479 0 9667
6956 0 7105
5770 2830 2830
9233 0 7464
1320 4960 4960
2134 0 3668
4535 0 6357
3290 0 8057
4568 0 4160
4824 2898 2898
8409 0 7739
8523 4630 2315
2641 0 8081
6498 0 9527
7594 0 6959
3422 2942 2942
9979 4815 4815
5670 3422 3422
584 2383 2383
2460 0 7323
3459 0 8663
2375 0 4724
2783 2382 1191
2841 0 3475
9761 0 5999
3990 0 5557
1766 0 8511
5052 0 4785
7161 1737 1737
4776 0 5254
3039 0 1562
4622 7500 125
6022 0 7514
3212 3740 3740
8915 0 3500
7213 0 7731
4450 4059 4059
2405 0 5105
8200 4203 4203
535 7128 2376
2652 3530 3530
7366 7728 1104
4634 5706 951
3097 0 2910
2616 0 3039
5132 0 9385
1170 3186 1593
4413 0 7768
9977 0 2673
2791 0 1390
6170 0 8907
7670 0 7156
5582 0 8479
8036 3382 1691
145 0 4988
3072 3258 362
8614 0 8867
4171 4479 4479
1247 0 4430
2342 0 3960
5817 0 4453
4678 0 9380
6358 0 5343
9550 5702 2851
5715 3273 3273
4208 6288 3144
7998 0 1834
5169 0 1859
3913 3959 3959
8041 0 3233
9082 0 7087
7524 6696 2232
52 1970 1970
92 4956 4956
7210 0 8673
6017 0 4480
4172 0 9490
3258 0 5824
125
4379 1716 1716
9069 2688 128
3502 0 1179
2101 0 5092
4434 4449 1483
9610 4502 2251
5574 2784 2784
3964 0 5190
628 0 9283
8648 5219 307
2360 0 7968
4530 0 6365
8041 0 8831
2413 0 8232
673 0 6651
5378 0 6735
6633 0 5038
8228 3244 1622
6862 0 2634
557 0 8050
3646 0 5158
9890 0 5255
3510 0 7872
435 0 5439
1621 0 5581
6415 0 5134
6474 0 6830
5317 0 8450
7746 0 3342
8255 3500 1750
9597 0 5004
5930 0 9073
8189 6339 2113
8166 0 3489
9543 0 6988
7535 0 3952
4249 0 2975
8899 0 9541
2604 0 6944
7579 0 9788
465 0 3706
7522 2475 2475
3988 6202 3101
4982 5576 2788
678 0 8565
8749 3647 3647
1759 0 5177
805 4757 71
3815 0 5555
7732 0 5366
2572 1218 609
6846 0 6809
4146 8305 1661
5734 4222 4222
2842 3540 3540
2971 0 9966
4882 3222 3222
1357 0 3375
6266 0 8337
604 0 8919
8821 0 6996
5283 0 3516
5759 3574 3574
4217 0 4001
552 3942 3942
4568 0 9599
5106 0 5501
2507 3259 3259
1760 0 5088
3708 0 9481
2894 4269 4269
1789 0 8715
7098 0 7529
1058 0 9093
8337 0 7778
694 2375 2375
8747 0 2420
2179 5584 2792
6357 2969 2969
9009 0 1665
1921 3499 3499
2102 0 7311
4879 6528 3264
5094 0 9679
7425 2380 340
965 4946 2
6209 0 6052
4869 4300 1075
46 2870 410
5212 6789 73
5220 4171 4171
5664 4740 4740
1598 0 6385
1483 0 2238
6039 0 1980
9667 0 9766
5641 0 7577
6795 2120 424
9374 0 2813
9711 0 9888
724 0 4443
1953 8463 1209
2764 0 9879
8539 0 3335
3880 0 8128
913 0 4722
2429 0 8601
983 0 9516
4188 2732 2732
7337 4956 708
1365 0 5644
2303 2840 2840
4205 0 5426
6801 0 9242
4075 3582 1194
7824 4039 4039
3958 4290 429
2215 6326 3163
6412 0 6779
1012 0 7177
7692 0 7262
184 4860 2430
1386 649 649
4127 2127 2127
6168 0 7848
125
4992 5922 2961
7404 0 5494
3198 0 9095
1005 0 7732
6750 0 5408
5585 4050 4050
9649 4615 4615
4150 0 5830
1454 0 5987
1270 0 8267
5962 0 9877
3169 0 8953
2510 2564 2564
3999 3937 3937
6609 0 2587
1166 0 6733
8365 0 7799
9129 4322 4322
7321 0 6852
6426 0 6296
7046 0 2361
661 4468 4468
2902 1868 1868
9908 0 7528
7574 1229 1229
2848 0 5824
1359 0 4961
1427 0 3084
8987 0 9743
7374 2512 2512
3470 1687 1687
4070 0 7832
3604 0 8609
9830 0 5661
8533 0 9420
5856 0 5964
5843 0 2936
9932 0 3978
589 0 6783
6380 0 5194
9104 0 4414
2229 0 5441
610 0 8733
9091 0 2477
1807 1107 1107
9551 6858 1143
7698 0 8532
510 0 5549
1128 4430 2215
6282 0 2503
7349 0 3841
8703 0 5749
8873 0 8194
8436 0 9343
5264 0 6178
2637 0 8396
9250 0 8265
5384 6656 832
5012 0 8965
7915 8910 594
6725 0 5512
4484 3609 3609
1281 0 7938
8209 0 7081
2183 0 7512
8311 0 7232
1463 0 5231
994 0 9524
5465 5160 645
9796 0 7626
8038 5670 2835
3793 2035 2035
5133 5958 331
5583 3392 1696
1329 0 7063
7342 3836 3836
5608 8151 429
9596 1945 1945
5888 0 8806
2046 3412 1706
6660 0 9875
5116 2949 2949
638 0 6622
6601 0 7868
4713 0 8652
4143 0 5949
5998 0 4768
7911 2936 1468
3733 5448 227
7434 0 7413
3238 7964 724
2915 4324 46
9075 8584 58
1358 0 9149
2673 0 9172
9103 0 7693
5720 0 3167
9861 0 3108
5826 2924 2924
7689 3738 3738
2645 0 3646
7210 0 5916
411 0 1936
2024 0 5014
9094 0 5399
7342 0 9156
18 0 9178
4542 2996 2996
8166 4966 382
5203 2160 270
1687 4050 4050
7261 2744 2744
6323 0 7867
8176 0 6935
3459 0 9119
7181 3731 3731
5402 0 6491
4725 0 8768
2937 0 8006
6543 0 7693
9609 5710 571
4439 0 7442
3348 0 5563
3428 4898 79
1126 0 3023
125
9708 0 8972
9195 3896 3896
1151 2425 2425
1815 0 6445
4449 0 8132
6665 0 8865
2451 0 4353
8453 0 9459
9808 5720 715
9143 2749 2749
4028 0 7444
9487 0 6853
9627 0 4326
5779 3918 3918
2746 0 8878
6944 0 7330
5502 4753 4753
4943 0 5496
9063 3348 3348
7891 6732 1122
4704 0 3480
5148 6875 625
6203 0 3054
3091 0 8100
4644 0 2812
1113 4042 4042
1100 1509 1509
8865 0 8763
8829 0 8714
3754 0 7922
4697 0 5017
5214 1242 1242
1755 9425 65
8480 0 7055
7122 0 5755
8462 0 3362
998 6202 886
6643 0 6129
5969 0 5948
3749 0 6148
9159 7470 2490
9831 5484 6
582 8030 730
7401 0 1496
7883 4326 4326
9377 0 1772
8406 0 8828
1365 0 3712
7936 4141 4141
8178 0 764
4152 0 6146
1694 0 3556
7295 0 8358
5447 0 8639
3188 0 5828
8931 0 9283
7329 0 7440
1252 0 8741
9555 0 5197
7445 4107 1369
4687 0 6656
4578 0 8818
2248 4048 1012
8514 0 9354
8090 5798 2899
9690 0 5512
670 0 7057
4292 0 7341
5824 0 9525
1871 4697 671
2966 497 497
2647 0 760
7226 0 4068
1231 3375 3375
3261 3837 3837
3381 0 8177
1881 3996 1998
9315 0 1421
3855 0 8159
5437 0 3134
5080 0 5142
2988 3589 3589
6531 3464 3464
474 0 6333
9562 0 9203
4010 4402 4402
3222 0 5923
7884 0 7421
854 4146 2073
6171 6813 2271
4063 2953 2953
3922 0 8025
8067 0 7215
9670 0 2510
7436 1462 1462
4209 0 9759
9698 0 5318
4386 0 8463
7092 0 4297
6037 7161 231
5355 0 5763
3370 0 5395
9812 0 7300
9612 0 5036
8759 0 7117
1280 0 4829
196 0 8110
8834 0 2669
8207 0 6172
3509 6832 244
3765 0 6815
591 0 8727
3905 0 6471
6813 0 6278
9994 0 6867
9191 6128 1532
7841 0 2315
363 0 3513
6976 1712 1712
3820 0 4785
5591 3538 1769
7339 4945 4945
7176 0 4048
4926 4459 4459
4863 0 8325
125
55 2856 357
8958 0 5665
317 3910 1955
4826 0 6951
7443 0 7434
6180 4700 2350
232 1389 463
5477 0 6657
1121 0 4141
9415 0 5698
1620 0 9799
2107 3985 3985
6300 0 4391
3392 0 8162
3430 1629 181
9033 0 5699
4249 0 8668
3990 8750 350
5311 399 399
3288 0 6622
9398 2900 1450
5445 1668 834
7848 4186 598
2969 0 6908
87 945 945
6477 0 7394
1623 4173 1391
8561 0 6676
9962 0 5469
7048 6182 3091
3240 0 7070
1983 1960 1960
2594 5900 1180
8767 0 7033
5987 0 8660
8815 0 7845
5267 5760 640
5907 0 9873
9358 0 7905
5809 0 6259
5843 0 5008
8753 236 236
4846 0 7554
8775 2138 2138
2230 0 9265
447 6528 2176
6114 4728 4728
9381 4448 4448
2880 0 6617
2333 3269 3269
2417 0 5324
2093 0 8390
1418 1365 91
5795 0 5911
1987 0 9744
3705 0 7143
5112 0 9971
7318 3879 3879
2344 4560 912
4701 0 1709
322 0 9230
4590 0 5300
4174 0 7528
1221 4556 4556
5101 0 9715
6869 0 2210
1504 0 6947
8425 0 5684
6420 0 5443
4549 0 9818
3568 0 4457
7217 0 8946
4814 0 5453
875 626 626
8233 5375 1075
202 0 6890
9414 3606 601
8178 0 4863
843 3322 3322
5618 0 2506
4852 0 8619
5638 0 8956
9995 0 6988
3890 0 8606
2801 0 8002
7341 0 8176
9964 3941 3941
6805 0 6729
7946 0 7549
1127 0 8930
2641 0 5910
8167 0 3435
9091 6576 2192
3370 4694 4694
8687 6330 422
2089 2812 2812
952 0 9494
5763 2352 1176
4750 0 7345
5470 3784 3784
2217 2921 2921
246 0 5501
1459 0 9235
5323 0 3473
8820 0 5266
4893 0 2482
3285 0 5922
4998 3471 3471
5932 0 5285
7025 0 7671
8150 0 2694
694 0 8921
9607 0 7941
6983 0 7605
8211 0 8735
6381 0 2975
8555 1059 1059
2556 0 9654
8937 9831 29
670 0 9995
6088 0 3807
5078 0 9564
7365 3657 3657
4574 0 5343
6604 7048 1762
125
9368 0 2096
1405 5378 2689
4911 0 4412
7780 0 8155
4502 0 9280
3393 0 7194
2046 0 5331
9527 0 7872
4922 7172 652
6866 0 5650
3077 0 5680
4971 0 5291
7388 8829 981
6358 0 5506
6423 0 1548
361 0 4624
241 0 5977
3080 0 5433
1342 0 5213
8443 0 9586
1033 1470 1470
7068 0 9350
3322 0 5197
2503 0 1547
6937 3126 1563
8230 7774 598
7497 0 7728
3012 0 6596
2435 0 9585
8975 0 5153
804 4609 4609
5992 3798 3798
7371 0 3444
6311 0 9770
6431 0 8809
8894 3369 3369
2093 0 8381
9375 0 8008
2045 0 5719
4662 0 4365
1061 0 8413
304 0 8513
5001 0 6462
4467 0 9261
9039 7864 1966
9392 0 5671
5921 0 6462
7106 0 7840
9748 6420 1070
2209 0 4735
609 5450 25
6384 0 6765
4277 0 7605
8826 0 9214
1241 0 5523
6629 5456 2728
3679 2744 2744
8388 0 6723
5596 0 9952
2628 0 9001
5868 2842 2842
7202 0 6184
8957 0 6007
6259 4189 4189
6503 5556 2778
3572 0 7557
8088 0 6247
7704 2676 446
9723 8496 1416
49 0 7035
2377 0 7714
8037 0 2596
8797 0 9906
725 0 5180
170 0 5433
9523 2544 424
3819 0 8406
7011 0 8986
2807 3266 142
5011 2428 1214
4406 5709 1903
5990 0 2697
141 6384 2128
5590 3861 3861
5658 2990 2990
9599 1790 179
2528 0 5686
788 0 7065
2109 0 7742
5334 3924 1962
5283 0 5122
2945 0 6967
6342 0 5064
1107 0 8651
1587 0 5141
3315 0 4859
2063 0 8576
5472 0 8167
4804 4186 2093
560 4026 4026
7024 0 8663
2378 0 6618
9563 0 6219
588 0 5328
6158 0 7868
5469 6486 3243
9392 0 5898
4542 7371 567
8799 0 3308
6226 0 3318
8999 0 4132
5604 0 6401
6404 0 8450
1464 4208 2104
8405 6099 2033
5880 1085 1085
5430 8130 1355
6074 3532 3532
8706 4841 4841
5454 0 9156
8281 0 4452
5529 0 6001
2713 0 7226
9633 8112 1014
838 0 7019
125
186 2794 1397
500 0 5310
1726 0 8550
528 0 8894
1475 8416 526
6425 0 8674
3280 4214 4214
341 3948 3948
703 0 5230
7348 1912 1912
4429 0 8205
6792 0 6387
7536 6040 755
400 0 375
2998 6352 1588
9980 0 2057
2843 4171 4171
7596 7730 773
3735 0 8129
291 6574 173
3799 0 9553
6978 0 4488
8723 0 7973
1568 6042 2014
1549 0 6617
3869 4531 4531
5725 592 296
1591 9240 385
4914 0 9116
9313 0 9488
7005 5350 1070
1788 6140 3070
3410 0 4364
1469 4908 4908
3207 3187 3187
5536 3088 1544
4718 3669 3669
8493 6460 1615
8002 0 7267
9517 4654 4654
6239 0 9192
7052 0 6955
7762 0 2686
3788 0 4975
8776 0 4992
4338 7786 229
5767 2157 2157
2863 0 9653
1198 0 6862
3725 3406 3406
1029 4315 4315
7289 0 6990
6959 0 5211
7300 0 394
8063 0 8723
2402 0 3764
4021 0 5346
1267 0 1942
5243 0 5215
4106 0 8142
7522 0 5604
7408 0 5511
255 0 9899
1296 6633 737
9512 0 4197
6680 4884 2442
5720 0 6683
1191 7062 214
6675 0 6178
9030 1525 1525
7316 0 9271
5294 0 5869
1771 2883 2883
1851 0 8629
2137 579 579
12 3274 1637
4633 0 5984
9983 0 5121
8847 0 4758
8958 3254 3254
6350 2787 929
4306 1759 1759
6023 0 5984
3372 4452 4452
1081 0 6480
7789 5075 725
8947 4084 2042
5892 0 4148
9796 0 8101
7389 0 5216
9425 0 9384
5884 0 7337
7648 0 7880
4164 0 5702
8703 0 7579
5043 0 3243
5865 0 8849
998 0 7500
6838 0 9030
5639 0 7395
5203 0 8426
1686 0 7179
7929 0 2915
1020 0 9932
4045 4389 1
4293 4106 4106
8064 0 2025
1652 3618 1206
712 5397 1799
6739 0 9025
997 3216 3216
776 0 2941
6981 5328 888
1498 0 5489
9513 0 2631
7091 3920 1960
7633 0 8367
6540 0 6579
5861 0 9663
8713 0 4301
711 5510 551
3125 6202 3101
2183 0 9374
2429 2862 954
9429 517 517
125
6749 0 7504
3333 5468 2734
8782 5240 2620
4086 0 3226
2002 0 8363
8947 6322 3161
4234 0 2409
9025 0 7217
9116 0 5936
1798 0 6223
8990 0 7483
3519 0 6806
2383 7228 556
5920 0 6354
1223 0 8834
5892 0 6125
5817 0 7109
1878 0 7050
4483 0 3404
5301 9361 407
8516 4511 4511
1376 8544 1424
310 7520 940
4818 0 4841
8676 4110 2055
7919 3575 3575
5239 6708 1118
7646 3262 3262
7114 3547 3547
6834 0 5160
5568 0 4550
9383 2512 628
85 4451 4451
7562 0 5832
2857 0 4560
9943 4458 4458
7972 0 1241
5720 0 6834
2277 5892 2946
2223 3999 3999
8822 8430 1405
1199 0 8394
4913 522 29
4884 0 10000
8403 0 7670
810 0 4855
6439 0 7295
3099 0 8887
8291 0 9262
3806 0 4713
6105 0 8467
6846 3272 1636
1067 0 5879
2799 7440 1860
7869 2538 2538
725 0 8701
9776 2429 2429
3231 0 5855
511 5946 991
7415 0 3713
3744 2243 2243
6943 6930 462
1184 0 6839
1773 0 8885
6150 0 8904
1913 0 4949
4026 0 4154
4658 0 3659
8762 5326 2663
4379 0 3623
6069 0 5360
6227 5280 352
588 0 7549
4862 2960 2960
974 3189 3189
5206 5178 1726
3658 0 8529
6205 0 2386
1582 0 9282
5178 0 6500
7698 3117 1039
6699 8484 606
811 0 9393
7612 5184 2592
2167 3185 3185
9240 0 8470
162 1756 1756
6618 0 8233
3039 0 9611
676 0 7553
5519 0 5243
9426 0 8429
4333 4558 4558
3335 0 5887
457 7364 1052
6393 6490 3245
2641 0 3874
7936 5586 2793
9782 0 7504
8754 0 3688
5581 0 5692
3046 0 2262
9040 0 4858
2402 1426 713
103 4732 2366
6253 354 177
47 0 7006
5930 2780 2780
9996 0 6544
3928 0 9652
5174 0 7812
5449 0 9426
4316 4823 4823
4366 4090 4090
549 3786 3786
2034 0 8870
776 5594 2797
7504 0 3728
6659 0 9315
1665 0 6890
0 0 6687
8923 5940 1188
2311 2542 2542
512 0 8255
4649 4585 131
125
9479 5082 2541
2645 6048 48
5408 0 8249
9835 0 4298
9696 0 6685
3427 7340 1835
4780 0 5279
9040 0 1820
1149 0 6989
5302 2858 2858
607 0 7956
1214 0 8438
5041 0 8086
8908 0 8716
8564 0 5004
3300 0 2884
1238 0 7459
4671 0 5310
5452 0 7409
1730 0 7132
4934 6776 968
454 0 4899
2015 0 5546
9224 0 7269
6413 0 5382
9021 0 6068
3315 0 2914
9399 0 2016
4708 0 5509
6575 0 4682
4147 3228 1076
5774 4486 4486
4030 0 5770
1355 0 868
237 3367 3367
5663 0 6565
1157 0 9521
3016 0 5970
1975 3040 608
5358 0 7139
918 0 5520
8752 0 7771
8550 5873 839
6177 0 8754
3989 0 8050
9801 3824 956
5341 0 9424
2596 0 6690
9254 0 2557
6962 0 5622
4076 0 7824
123 2404 2404
1477 7842 1307
4995 2038 2038
3218 0 6705
6943 0 9447
5281 0 8860
6494 0 4468
6484 0 7015
7340 0 7774
652 0 6852
5478 5846 2923
8199 2144 2144
2128 0 5401
3880 4505 265
7533 2806 2806
411 4540 4540
9131 0 9649
6453 0 8780
2734 0 6412
4369 0 7130
8330 0 2072
5161 0 8621
2166 3671 3671
1012 3155 3155
5461 0 7835
3059 0 6471
4888 0 5499
7311 2648 2648
8863 4022 4022
5404 2725 2725
3068 0 6195
1256 0 1821
809 0 5227
4101 2817 939
9023 8274 42
7061 0 7066
4012 0 2957
5835 180 180
7428 5144 1286
381 0 7653
9996 0 6401
8324 6750 2250
996 0 6261
978 0 7973
6519 3466 3466
4531 0 5727
6579 0 9690
3744 2831 2831
2170 1926 642
9274 8376 1396
5069 8316 462
7129 0 7316
1664 4190 4190
4867 0 9759
9476 0 7031
3305 5276 2638
8460 0 7827
3438 0 7315
9360 5424 1808
6446 0 9393
639 0 3812
6108 2468 2468
3042 0 6114
2786 0 6749
6868 4446 4446
9481 0 9393
4984 0 8620
8455 1495 299
3380 3402 3402
5845 0 8768
1198 4680 780
9095 0 7039
4179 0 3089
2296 6720 2240
125
7963 0 8332
2717 0 8277
1805 4618 4618
7692 0 8424
4647 0 10000
7223 0 8106
6345 0 9782
622 0 5585
9539 6504 1626
9005 6467 223
4879 3421 3421
2182 8712 792
2782 8954 407
6714 0 7594
1527 0 8210
6547 0 5191
3000 0 8347
5579 0 4344
3296 0 9503
7797 0 4786
6580 4254 4254
7465 0 8298
4280 0 8671
7517 0 6115
4700 0 2994
4404 4224 528
3867 6336 2112
239 0 6312
1249 0 9866
9294 0 6485
6890 0 7365
3601 0 5842
5418 2381 2381
3343 3891 1297
3408 4686 1562
1652 0 2643
8938 0 8440
598 0 5340
4432 5080 1016
4141 0 6715
4351 1581 527
578 8274 1379
9454 0 7122
1063 0 5144
5322 0 8854
1721 0 9058
4162 0 4647
2894 0 7283
1508 0 8933
8056 0 4754
8781 0 8706
8255 0 5762
2168 0 4844
9347 3174 529
8184 3750 1875
9593 0 7559
8175 2516 2516
3373 0 8308
4699 4320 1440
2652 6416 3208
2062 1967 281
169 0 7509
9733 0 5780
3508 0 8727
9007 3352 3352
6057 0 1587
2974 0 5136
5083 0 6741
6512 0 6427
6030 1335 445
5605 5860 1465
3479 0 1344
632 0 5849
1038 0 3887
6679 5512 2756
9694 0 1159
9706 0 5871
1222 0 8691
385 0 7269
8573 0 5845
9445 4378 2189
2387 0 4049
5861 0 5909
2058 0 6947
114 0 5771
2842 0 5659
1520 0 5670
4842 0 5597
1569 0 8198
8441 2097 2097
6612 0 2097
5979 3248 3248
3675 4360 4360
8044 0 5530
364 0 7541
5850 0 7445
172 0 6496
7130 0 5544
1120 0 7089
9379 0 7456
1918 3842 1921
4898 4373 4373
5797 0 9097
1265 0 5971
6286 0 4415
782 4496 562
1319 0 7927
3702 0 9628
5288 0 2858
8561 5222 2611
2753 2583 2583
1263 460 460
5203 0 7565
3706 0 9930
7638 0 8522
8173 3736 3736
3806 0 7037
5031 0 3589
9016 5850 390
2568 1680 140
704 4589 4589
1332 0 2175
2215 3690 3690
5159 3857 3857
687 0 7127
125
7685 0 7608
6174 0 1876
8680 0 8302
1695 0 4329
9119 7544 46
9390 0 6689
6537 0 7337
5362 0 6440
1853 4952 619
8655 4643 4643
4095 0 6844
5222 0 9690
4208 0 6452
764 5000 5000
4494 7017 2339
9036 0 5665
9146 0 3862
7867 4316 4316
9985 0 5378
570 1243 1243
6124 0 8716
8015 0 6896
8468 4259 4259
4477 0 6844
6677 8892 988
5398 2866 2866
8893 4195 4195
5540 0 8445
5585 4625 4625
4677 0 7318
9785 7964 1991
150 6408 356
2672 3062 1531
2276 0 5418
8449 0 6870
2333 0 3167
3834 0 5619
9945 0 3192
7924 0 7049
2913 0 8376
9849 1912 1912
566 0 2632
4884 5044 2522
6773 0 2387
3850 5672 1418
3189 6056 3028
2196 0 8385
9443 0 9684
458 0 9423
5681 0 4208
7332 911 911
3109 0 7690
4408 0 5627
2799 6418 3209
9083 5800 2900
7045 0 4536
3226 0 9566
7697 0 7677
5421 0 8529
5156 8085 735
6501 0 7923
2160 0 7871
7176 0 1685
6098 0 9202
9221 3947 3947
6675 3379 3379
3292 0 6091
8096 1755 117
5218 3808 3808
2143 7555 1511
2929 0 8416
8721 0 7274
4009 0 7642
6872 2385 2385
5815 0 5779
7345 0 7022
1959 4240 40
4971 0 4461
1543 0 9454
3077 4790 4790
1614 0 9373
5461 1728 576
4446 0 4402
4027 5043 1681
2258 0 5101
4469 3554 1777
3436 0 7468
6854 0 8654
8471 2407 2407
1455 0 5966
9643 7720 1930
8658 3318 3318
3294 0 9700
2895 0 8066
7533 0 8454
7515 0 6591
1541 0 3278
6453 0 4353
8877 1140 380
183 0 6749
5901 4202 382
3363 1838 1838
7286 2556 1278
6921 5928 2964
7303 3636 404
7792 0 9913
3599 0 2827
7983 0 4218
7247 0 4601
7665 0 3723
8434 0 5211
2959 6288 1048
1054 0 4888
3319 2228 2228
5620 0 6767
7311 0 2762
3868 0 8257
6859 4671 519
1205 0 5596
3973 0 8652
4227 3957 1319
3080 1751 1751
5115 0 7618
615 0 8408
2678 0 2790
125
2602 0 9458
9236 0 6480
2192 4335 4335
8221 0 3738
6192 0 8315
9257 1028 1028
4623 0 5759
4735 0 8054
2743 0 9673
2972 0 6875
3588 0 6086
2819 8748 486
4043 0 8617
4314 0 7446
4212 0 7517
7784 7458 2486
6176 0 7219
7576 0 3870
6735 0 9349
3069 0 7753
5055 0 9032
2827 0 5102
8040 6537 2179
7337 0 5501
1428 0 9712
1410 3080 3080
5277 3468 3468
2236 0 6248
4824 4713 1571
3508 8232 1372
2265 4216 4216
3409 2200 440
1474 0 3672
6943 0 5136
5218 1430 1430
6644 0 8808
5372 0 9169
7749 3070 3070
7753 5580 2790
3582 0 4352
1712 3478 1739
9721 0 6783
2709 6699 2233
1702 1756 878
6357 2798 2798
1341 0 2184
6235 3024 378
2470 0 2682
2476 0 5336
5842 4194 4194
8448 0 9431
3639 0 8954
1397 2182 2182
6133 4037 4037
6829 0 6128
4355 0 9623
3749 7155 2385
9357 0 5160
7794 4010 802
432 0 8952
8313 5589 1863
1822 4019 4019
1564 3561 3561
1942 0 9361
8356 0 2647
5480 4514 2257
9513 0 4788
8215 0 7222
1848 0 6352
355 0 9509
8774 6195 2065
1683 0 5453
5421 5492 2746
709 1725 1725
7501 2918 1459
8952 0 9177
6024 1498 1498
3008 5896 1474
397 0 7755
1687 0 2876
1068 0 5798
6590 0 2896
2523 2598 1299
3349 0 5889
4405 0 9541
1582 0 7878
7319 5058 1686
5419 3982 3982
7006 0 8035
1611 0 3357
859 0 7918
5387 0 8528
8167 0 5938
1920 0 8424
8466 2378 1189
5652 0 9174
6612 0 6797
6879 6072 253
1243 0 7723
5079 0 9848
3637 0 6883
2219 0 531
7513 8288 1036
8954 0 9169
7579 0 6870
1198 0 3684
305 7794 1299
611 5916 2958
5965 1736 31
4997 0 4476
9089 7017 2339
2870 0 9656
5388 4934 4934
4097 3006 3006
4681 0 5984
3737 6216 1554
3904 0 2405
3098 0 9074
511 4346 2173
1628 0 9942
8912 0 9685
614 2571 857
9267 0 1511
8846 0 7598
4490 0 6706
125
8219 0 9598
9557 0 3813
9818 6392 1598
9451 4972 1243
3212 0 8844
8176 0 9241
9695 0 8330
5627 0 8825
835 2418 1209
7880 0 5013
9226 0 6765
8889 4885 4885
3386 3962 3962
6536 0 6390
6028 0 9659
9190 3518 3518
5278 0 9590
6498 0 7994
7540 0 6709
2881 7427 1061
90 0 8568
6531 6825 2275
3887 3648 3648
5595 0 8538
1483 8528 82
9605 4667 4667
9933 0 5517
9458 0 9629
2079 9216 512
9884 0 4898
7549 0 5012
7052 3684 3684
2619 1784 1784
5224 0 5310
1918 0 9150
9296 0 5873
5285 4190 838
9631 3316 3316
5127 0 2558
2883 4752 1584
4053 461 461
9557 4863 4863
5343 0 6617
7664 2135 427
6702 0 7500
8639 0 4441
7878 0 4723
6428 0 1380
1510 0 2683
3114 3695 3695
5698 0 4290
6311 4536 4536
9720 0 4814
2854 4768 4768
2450 0 8472
9157 765 765
2512 2996 1498
3369 0 8750
9393 0 7826
7976 0 5770
7889 0 8861
7419 0 9300
2388 0 4479
4465 0 8812
8308 0 8394
4219 0 7076
350 0 8870
9712 0 1898
1353 1753 1753
403 0 8328
1631 8584 1073
497 0 3090
8861 0 6988
8135 0 4292
512 0 8884
447 0 8898
5928 4820 482
6470 0 5563
4234 0 1805
1716 0 9015
9788 0 6457
7501 6205 73
1568 0 8999
4052 0 9405
1391 0 5362
3662 7843 713
7864 0 5822
3957 0 8976
2804 8700 348
4007 0 5627
6919 0 8423
7365 3516 1758
4931 7131 2377
28 3738 1246
4038 0 2645
6093 0 9600
8304 0 5205
4935 0 7391
4928 0 5228
5877 3004 1502
572 0 6449
3767 0 9103
7967 0 7240
2916 1099 1099
6012 0 5345
9514 0 6029
5899 0 7574
4985 0 5405
4947 0 6923
4486 0 8758
1790 0 3332
2091 0 8658
9399 3066 3066
1199 0 1661
6154 0 6414
577 2266 2266
7500 0 5674
527 0 6751
3867 1921 1921
8829 0 8800
4158 0 5884
1128 0 5365
5664 0 4824
9228 7580 1516
3562 0 1335
125
5655 0 6139
2866 0 6443
8548 7106 646
7997 0 8204
8146 6140 1535
4010 0 4482
5546 0 5159
4457 0 7136
7507 3022 1511
1834 2907 323
9865 0 7265
6846 0 6620
2672 0 5164
5843 0 7443
3623 0 9376
836 0 7686
2695 0 5891
7771 0 7931
60 0 5290
7070 0 5540
9907 4314 4314
8083 0 7597
6529 0 9654
1072 3145 3145
1024 6144 3072
6861 7070 1010
4570 0 5467
1108 3954 3954
3827 0 6806
4044 0 9420
7558 4614 4614
1877 5508 1836
9013 0 8950
77 0 2248
7701 0 7430
8851 0 4441
3711 0 6000
2018 0 9862
4049 5218 2609
5186 0 5474
963 2919 417
881 5894 2947
1796 4664 1166
6219 4788 2394
2901 0 5963
7785 3624 3624
4628 0 9021
9489 0 9982
8581 6364 1591
2975 0 811
491 0 6037
177 0 7222
1223 4272 712
8689 0 8687
5756 0 7586
6716 0 1797
7668 8024 472
1614 7448 532
9438 0 9486
2747 0 9722
6040 0 1955
4451 0 5228
9558 7938 882
6368 0 9607
5850 4156 1039
5678 0 9371
585 0 6070
5373 0 9906
3735 0 5903
6785 0 8723
6596 7492 1873
384 0 4732
5786 5490 1830
6619 0 5145
7269 7866 1311
9906 1050 210
1234 0 1839
8218 4622 2311
1101 5664 944
2159 6422 3211
8485 0 3466
1015 831 831
9213 3657 3657
6606 0 3335
5635 0 2861
7888 0 9074
3782 4896 1224
1273 0 3936
5140 0 5320
9366 0 8904
2766 0 8213
1712 0 9209
2489 4952 619
278 0 9647
8915 0 5884
1464 0 4363
5239 0 8735
3057 0 4878
1192 0 8800
790 4189 4189
2560 0 7265
5166 4696 4696
1966 2084 2084
1545 0 895
1126 2328 2328
5221 5492 2746
5450 0 8265
1804 0 7783
2821 0 4158
7086 8240 515
6614 0 8976
9576 1413 157
7408 0 8039
9273 0 6073
6053 7401 2467
3882 0 8774
4427 7632 159
6490 5028 419
5506 0 7701
9797 0 4712
3281 0 5805
496 0 4879
5016 0 2253
4497 0 8421
9700 0 8293
125
9501 3396 3396
4782 0 7755
5231 0 4212
5187 0 5815
419 0 9517
8586 0 1126
4080 0 9422
8754 0 5753
9530 0 6973
1831 0 1934
4081 0 6024
2271 0 6641
7158 5300 1325
2797 0 7675
2314 0 8757
337 0 8353
8382 5838 1946
4643 4630 4630
3502 8490 849
9201 3962 3962
8397 2863 2863
6936 0 8814
7729 4635 1545
7053 0 7934
4104 0 9081
2632 0 8858
7191 3394 3394
7146 0 5913
4523 0 8513
8127 0 7134
8247 0 6037
9687 0 9997
7997 0 8784
1852 6426 6
3121 0 4303
4667 0 9833
1232 0 7019
814 0 7759
180 0 7306
9308 3780 3780
4606 0 3641
9057 0 9665
7696 0 9650
4861 0 8566
8939 0 4788
3742 0 8585
4563 0 9348
4035 0 6618
5731 0 5354
2198 0 3356
7801 3939 3939
9087 0 7590
7215 0 7637
6416 4312 4312
6329 0 2692
3086 715 715
5111 0 9820
9520 0 8719
2332 0 7901
7381 0 8199
4974 3788 1894
3453 0 5205
6182 0 5692
9741 0 7482
5568 2250 2250
9888 3555 1185
3457 0 5881
4842 0 7581
7764 812 812
4667 0 5125
1361 0 8922
3636 7554 1259
1555 0 6301
6243 1095 1095
7882 0 8753
6895 4893 4893
594 4150 4150
3523 0 9007
234 0 9706
6161 9268 662
5317 0 7252
5339 1903 1903
4714 0 4896
2040 0 5972
5860 0 9214
4190 5130 2565
32 0 7402
9232 5026 2513
1990 0 6436
4124 0 9618
7227 0 8255
5469 0 7258
8376 0 4079
3817 0 6013
5839 0 6261
5303 3597 3597
4822 3882 1941
8727 0 5471
4597 0 9117
5294 0 6973
709 0 5766
2256 2806 2806
3545 0 9004
4375 5684 1421
3928 0 9613
8705 0 7147
3224 0 6656
5201 6335 905
406 0 9485
7895 0 5736
2622 4536 4536
2697 3466 3466
871 0 8939
8459 0 9664
5507 0 5147
8982 0 7811
7254 0 6027
3610 0 3808
5222 7182 378
1119 0 6161
6853 0 3533
440 0 9211
7839 0 4194
2364 0 9534
3701 0 7992
125
2510 0 3456
9951 0 7735
5436 2344 1172
5162 0 9549
7549 0 5132
6923 0 7600
5773 0 8447
8978 0 3949
325 0 7266
1954 0 5747
6247 0 8510
4439 4664 4664
4555 0 5246
893 6154 3077
3538 5890 2945
803 0 8304
9595 1841 1841
9918 0 6472
8768 0 3302
2892 0 9563
6878 4985 4985
8606 7392 2464
7622 0 5055
5884 0 4314
3186 0 2117
6306 0 3324
5244 0 5146
9943 0 3865
5010 0 9951
2840 0 9402
6877 0 8562
3567 0 9639
1273 0 9326
5461 4685 4685
6141 0 9644
5778 3647 3647
6459 0 9927
4611 3256 1628
6437 7469 11
4268 0 7922
2143 0 4834
3695 3759 3759
1428 0 5130
1335 0 9937
1986 0 4510
3246 0 7614
6756 0 7429
9688 0 8214
9571 0 6925
4367 0 6611
157 0 1154
710 7716 1929
6273 0 4664
1079 0 7984
8047 3588 3588
1225 0 9062
2236 771 257
7493 3366 1122
8932 0 3442
9200 0 5158
7361 0 9136
128 4759 4759
280 0 9103
4598 4553 4553
5942 0 8714
7228 0 7813
1471 0 4226
3159 0 5548
7993 5718 2859
9292 0 3006
6647 0 4575
8574 0 8392
5950 0 6521
7214 0 6651
1177 0 8174
6260 3443 3443
5455 0 9707
6277 3780 1890
9910 0 9992
3259 0 7312
6996 6434 3217
7535 0 8253
5498 0 3438
933 0 6853
5884 0 3500
8608 3052 1526
7327 6796 1699
5793 0 6195
945 0 6703
4705 0 407
3226 3452 3452
5995 0 3514
5240 0 8927
688 6658 3329
2252 3122 3122
435 0 5653
3344 0 4176
9345 0 5825
683 0 5923
3298 0 9920
8426 0 7102
8604 0 4515
3280 8690 790
2944 0 8106
2163 4794 4794
2254 0 9020
1735 0 6637
8597 6416 3208
1030 0 5642
9782 6288 3144
7584 5097 1699
849 0 8978
8920 6418 3209
8782 0 9796
1338 4964 2482
9934 7320 183
2628 2565 285
2917 8968 236
4407 0 9303
1672 8400 600
8611 1808 904
1205 0 9080
8586 0 5321
6585 0 9012
4836 0 6975
125
6707 0 7787
8455 0 6553
9434 0 5486
4412 2233 319
5313 0 7025
3307 0 6943
914 4320 1080
3656 7374 1229
6458 0 9418
9230 2716 679
8004 0 8833
499 0 8542
9196 0 3267
2672 0 8857
269 0 6073
556 0 997
6837 0 8502
6732 6592 1648
3867 0 5038
3133 0 9097
6249 0 9895
3248 0 7329
4324 0 7565
8554 0 3408
2924 1596 1596
9929 0 7067
5439 2987 2987
1707 2191 2191
7623 0 5137
6022 0 7625
9551 6942 267
4270 1717 1717
7925 0 9619
8406 0 9062
6418 0 4125
1906 0 9920
6358 3941 3941
1677 0 5479
1713 0 6180
5956 3464 866
3066 0 8262
3632 4837 4837
3557 4128 4128
5910 5541 1847
3032 6354 2118
8852 0 7618
8546 0 6788
1187 4515 4515
779 0 9484
644 5978 2989
4729 0 7758
3857 0 7829
5638 0 3570
9029 0 6240
1995 2694 2694
8612 0 9595
6664 5968 373
6850 0 6528
1319 0 2582
7573 0 6590
9982 6870 2290
9280 2598 2598
9839 0 5122
6012 0 7449
7971 6441 2147
8005 7050 2350
7464 0 9503
881 0 6270
8471 6084 3042
7505 0 5574
287 0 3108
5230 0 5661
4425 0 7123
6802 4776 1592
7365 0 8540
5572 0 5698
6370 0 7692
3003 0 936
7653 0 7702
6127 0 3113
6479 0 6276
4700 0 7424
2105 0 5811
5441 4257 4257
5106 1673 1673
4165 0 7319
1888 4220 4220
545 0 9049
8144 4886 4886
8314 0 6758
763 4416 1104
2431 1153 1153
2619 0 8978
8699 0 1899
9428 2163 2163
4806 6900 1380
5608 0 7467
8331 0 9845
6927 0 4522
3945 0 4120
3495 0 6063
5610 3210 1605
3793 0 9453
3035 0 6628
7697 2018 2018
4137 6330 1266
6286 5315 1063
9361 6102 2034
4564 0 3749
3341 0 8110
4106 0 5126
1859 0 9156
7697 0 7990
5875 0 9919
3696 0 6922
2278 0 9223
7435 0 6353
223 1376 688
6164 4750 2375
6471 3659 3659
6742 0 5791
1832 0 6433
4756 0 6985
6254 0 9217
6624 4552 2276
0
