6
20 168 7
15 40 2
2 96 8
14 132 22
14 13 1
18 9 9
13
4 114 6
15 345 23
7 65 13
23 225 25
8 270 18
10 36 12
6 270 15
17 120 24
13 9 9
20 342 19
5 357 21
4 192 12
2 72 9
13
11 525 25
18 380 19
8 300 25
13 114 19
17 306 18
23 42 21
11 253 23
22 120 15
15 88 11
12 272 17
14 200 20
16 252 14
22 14 1
2
4 286 13
8 80 8
10
7 140 20
7 247 13
23 96 12
4 72 9
16 238 14
25 180 9
17 187 11
3 126 7
23 120 8
7 420 21
125
1789 0 5660
303 0 5981
3098 0 5586
6335 0 7565
1887 6656 3328
7526 0 7953
4051 0 6360
5962 4776 1592
5921 0 5232
3583 0 5781
8624 0 1016
1588 0 9503
1158 3801 3801
585 3293 3293
3731 2962 2962
3047 0 4712
1373 4961 4961
3108 6695 1339
6788 3079 3079
3606 0 9546
1796 0 6931
80 0 1912
9895 0 7501
4823 0 5521
8376 0 7770
7340 2054 2054
1170 6436 1609
6475 0 8878
8442 0 8067
1955 0 5940
9944 0 4490
992 0 3892
9184 0 9420
3906 0 5751
3469 5878 2939
5096 6648 2216
937 4538 4538
9192 0 9717
2871 0 6109
812 0 2917
9627 0 5015
9462 2193 2193
1841 0 3890
9002 0 8144
4707 3411 3411
8401 7284 1821
3819 0 7526
5061 0 8096
5110 8610 615
1404 2491 2491
8533 0 8298
8966 0 4815
1505 4866 1622
4718 0 5541
564 4547 4547
165 4504 4504
2135 0 3729
8410 0 6056
439 0 9542
2291 0 2958
2276 0 7602
4408 0 7204
3348 5726 2863
459 0 7927
4249 0 5584
7709 2017 2017
8185 0 9715
8783 0 5280
2154 0 1286
1182 0 9007
2996 0 9482
8469 0 9412
4582 0 5857
8458 1784 1784
8051 0 9634
2457 0 824
222 4684 4684
5409 2706 2706
4159 0 7766
1301 0 1501
8031 0 5322
4673 0 8253
6717 8919 991
8068 0 9730
7597 2124 2124
1042 7515 1503
30 0 8795
5993 3987 3987
6874 0 6092
9186 0 4354
5802 5502 1834
4793 0 8985
9681 0 9078
1249 8370 558
4960 0 9265
2052 4316 1079
525 0 3630
8 0 5558
2266 8262 54
3017 0 7120
2926 0 9874
5679 0 8394
494 6375 1275
8280 0 9954
2886 0 8914
7291 0 7015
1369 0 8305
3847 0 4096
6458 5698 2849
4061 3803 3803
1369 8144 509
5317 2815 2815
4176 0 3597
9357 0 3628
3532 5586 1862
7502 2772 462
3493 4150 2075
965 0 4997
6783 5878 2939
4659 0 5707
9743 0 4163
3889 0 7189
4352 0 8530
6679 4332 4332
1937 0 6350
125
1650 0 3392
1922 0 9085
5009 0 993
8289 2322 2322
7338 7744 968
5896 0 6749
2679 0 6087
5334 0 7514
9289 2930 1465
3105 0 4990
6608 0 2853
4148 0 5788
4380 4368 4368
2505 2461 2461
1360 2844 948
3919 3476 3476
7642 2783 253
5135 0 6159
7767 3645 729
7429 0 5122
4511 0 4423
9647 2818 1409
786 3126 1042
5127 1500 750
2530 0 9676
5520 0 6517
2786 0 6054
6893 8124 1354
9324 0 7160
3011 0 7457
5436 0 9544
3642 0 7277
2860 0 3387
1091 0 3857
6906 0 3424
679 0 5878
5034 0 8878
8819 3838 202
2889 0 5790
9749 0 7213
3780 3720 3720
8078 0 7332
3885 7632 159
8541 0 6709
5539 0 8520
4158 3501 3501
3658 0 7968
9152 3378 3378
1909 0 8810
9197 8590 859
411 4830 322
980 2885 2885
9639 0 4762
4141 0 1440
8779 4665 4665
7973 0 5186
935 3070 1535
832 0 1141
3783 3980 3980
5808 0 5210
8590 3917 3917
752 0 2671
8463 0 6810
2369 3916 3916
874 6146 3073
2934 0 3508
9288 0 8830
7191 2454 2454
8528 0 1277
9685 3880 970
5586 4216 4216
8626 0 7381
9405 5721 1907
3587 0 6670
9942 3036 3036
7837 0 5376
8705 0 8779
79 5634 2817
8351 0 5701
5116 0 3819
4690 7040 1760
7239 0 5873
8415 0 8063
7480 3620 3620
7718 0 6469
5192 4918 2459
3956 0 6293
6752 0 9611
5946 0 6956
2143 0 9742
5536 0 6589
5946 5612 2806
1174 2660 266
8723 0 5797
4662 0 6116
7846 2888 2888
785 8316 1386
214 3854 3854
7932 0 3835
9195 0 9690
2879 0 9602
7971 0 7156
8488 0 6605
6283 1134 567
3180 0 4640
2394 0 9056
3884 3232 808
4136 0 6197
8530 1323 49
1207 0 8972
2752 0 9466
5857 3829 3829
3306 8334 926
292 0 4423
8006 0 5545
8212 0 7316
4455 0 5987
7805 0 2335
4778 0 5879
7265 0 5357
997 0 6313
4049 0 6639
7286 0 7020
635 0 7840
5744 4272 4272
125
2926 6912 864
1002 805 161
5369 0 6913
1564 0 6678
2180 0 5362
6561 0 6943
869 0 6593
626 0 3879
9771 0 7368
9423 0 9785
1627 0 8890
4616 8308 268
2190 0 8783
9276 0 9225
8814 0 9816
7981 0 7474
6660 0 6582
1771 0 7012
9977 4983 1661
8947 0 1191
1008 0 531
7455 0 8815
3053 0 4534
4240 0 8582
4153 5476 2738
1145 0 5830
4312 0 7025
8465 0 5594
4684 0 7351
7295 0 2910
1142 0 6791
2718 7995 205
9125 0 7277
8085 0 8045
3476 0 6095
322 2079 2079
4281 0 1451
170 0 7795
6060 0 9937
6556 1676 1676
5595 4515 4515
8822 0 6670
2753 0 9110
8129 0 8218
7305 0 5822
7661 1149 1149
2164 0 6673
586 0 1943
3540 4936 617
31 0 9138
211 0 7557
1053 0 8811
2869 9666 179
3428 0 4214
6641 0 2750
2756 0 5974
3778 0 8349
725 0 9669
7013 4473 639
1707 0 9266
9475 0 9642
5393 0 8768
6836 0 9730
3284 0 6399
6922 0 2883
3751 0 9128
7227 0 5845
5818 2994 1497
4193 0 3965
7517 7599 447
5662 0 5091
8216 0 9790
9146 6564 1094
8428 0 7103
4529 3584 3584
5184 0 6931
7930 0 9908
7443 9622 283
4645 0 6728
9775 0 4730
7949 0 5875
2650 0 3435
5633 4320 240
1245 3038 3038
1347 0 9863
1080 0 3271
1202 4838 4838
2644 3358 3358
180 0 3564
4870 0 8863
1675 4846 4846
5504 0 9778
6695 0 4166
2933 4109 587
9515 0 4092
1592 4147 4147
810 0 9046
5375 0 2074
9534 0 8885
7515 4932 4932
9065 4511 4511
5093 0 6091
3716 1387 1387
9823 0 5284
9546 0 7768
862 4500 750
4437 0 8040
8537 0 9444
793 0 9794
927 2936 2936
5188 0 4155
6959 0 3219
7067 0 9203
8973 9071 193
5308 3927 3927
6042 0 7437
7759 4238 4238
8651 0 8549
6300 0 3576
2240 0 5302
4465 7449 2483
2210 0 3358
3964 0 7235
2903 4519 4519
2265 0 7594
125
3597 0 9708
382 3363 3363
1309 0 2548
8021 0 6316
6951 0 7681
8118 6540 2180
9258 3661 523
684 0 8867
5012 0 4002
5370 4904 4904
6426 0 3787
6679 1609 1609
2244 0 5358
9070 0 3586
8766 4885 4885
5538 7552 1888
7534 0 7668
5729 0 8057
5292 6438 3219
8617 0 5493
4718 0 5383
8423 5740 1435
4633 0 8206
1525 0 5833
7887 7083 2361
3234 0 6377
6505 3823 3823
8633 0 5518
1531 0 1057
4072 2944 1472
1232 8820 980
158 0 6002
5883 0 6510
5462 4830 4830
4330 0 3290
6672 4255 4255
5984 4935 4935
7462 0 2843
1572 5757 57
3698 4903 4903
8632 5460 1092
2697 5075 725
3617 0 8268
2163 0 3387
6516 0 6259
890 0 5025
7643 0 6902
7252 1150 1150
9848 0 3835
7082 0 9118
8631 0 9086
6411 5316 1772
5890 0 8780
6680 5865 85
1020 0 5333
6381 0 5396
5624 0 7643
1894 0 2962
532 2268 378
9934 0 5483
9608 5608 2804
2810 2297 2297
6662 1192 298
7742 0 6703
185 0 6134
4967 0 4124
8024 4377 4377
5771 0 4790
3007 5340 1335
5826 0 8182
4557 0 6004
4264 4464 372
5879 0 9919
7463 0 9654
6913 0 5617
2209 6768 2256
9375 3429 3429
5555 0 2857
6177 7000 1000
8536 9163 833
1521 0 3868
6271 7143 2381
1361 0 3440
8112 1217 1217
8208 0 2204
3391 0 6060
8403 1459 1459
7972 2750 2750
3305 0 8036
6916 0 7928
3012 0 6951
6836 3850 3850
9552 4539 4539
4033 6924 1154
4221 0 5607
5223 0 7967
4685 4498 2249
5893 0 5060
5790 984 328
3095 0 4356
4188 4245 4245
4194 8784 976
8175 0 1570
1037 0 1592
8514 4915 4915
793 3006 3006
2600 1204 301
4823 0 5683
8345 0 8556
3279 0 2225
9574 0 2901
6786 0 5944
2838 0 5125
7677 0 7898
9131 0 7728
1062 520 520
2061 0 9250
3296 5564 1391
8226 8316 1386
7662 5022 2511
9896 3838 3838
4801 0 8266
9726 0 7945
7210 0 6005
7197 5322 1774
125
8137 0 3623
6084 7623 693
9686 666 666
4408 0 9292
9676 0 5640
6825 0 7700
1117 4438 2219
6886 0 5477
623 0 3265
6738 2471 353
6983 4920 164
8582 0 5149
952 0 5748
8642 1396 1396
1156 0 9205
4125 0 3249
1478 9195 613
7336 0 8789
3447 1936 484
7446 0 6446
3260 0 5017
6723 0 8499
1159 0 5941
4831 3610 3610
7592 0 7140
1125 0 8394
7442 0 6751
9563 4804 2402
6496 0 9027
377 0 9981
7720 0 7235
8344 0 7508
5003 0 6525
9023 1387 1387
3873 0 6960
953 1064 1064
5842 0 9204
4744 0 8815
9702 4440 4440
8103 0 7475
1716 0 9580
1015 0 8248
2937 0 5218
2548 0 3760
8921 0 1635
3258 0 6597
7743 8082 1347
8779 0 926
8718 0 6375
7206 0 8415
2772 0 8805
7063 0 7644
7352 0 6061
2775 0 3721
3671 0 5353
9340 0 7737
5455 1862 1862
2601 6412 3206
6388 0 8443
6266 0 9058
5972 2292 764
7571 0 7471
1478 1909 1909
6859 0 5260
9174 5388 1796
6697 0 5827
8747 4848 4848
2125 4308 718
4041 3664 3664
8232 3826 3826
670 4030 806
2457 4346 2173
1208 0 8435
9918 0 5013
7906 0 9536
633 0 8545
3786 0 8656
8157 0 9088
4298 4479 4479
397 0 8709
2696 0 4457
6478 0 6633
3946 0 4514
9099 0 8158
4183 0 6247
6196 0 3332
2899 3496 1748
4628 0 3115
2872 0 9716
4940 4465 4465
2539 0 8088
177 1582 1582
5410 0 9537
1099 4112 2056
6116 5676 473
1598 0 9139
9689 0 9123
7722 0 8867
5502 0 6474
5206 6192 86
274 6510 2170
9247 0 1435
3545 0 6706
8702 0 8163
9623 0 9045
8160 4173 4173
5681 4537 4537
7559 0 3378
9604 0 9494
862 0 3400
9931 0 6042
7302 4063 4063
1320 0 4469
2275 0 7916
2346 0 8403
9176 0 9263
8514 0 9835
9372 0 5514
3534 6627 2209
5231 0 6905
5335 0 6147
500 0 7924
4555 0 7437
2505 0 4763
2888 8789 799
125
2504 0 6588
7810 0 2417
1569 0 5245
7802 0 7989
5172 4321 4321
2310 0 6077
6803 1620 1620
6725 0 7431
4599 0 8317
8413 8800 200
9765 0 3262
9465 0 2832
7168 0 2337
1436 2347 2347
8536 0 8918
5570 3567 3567
3430 5750 575
9773 0 3186
8457 0 6377
1971 0 665
6629 3308 827
3091 0 7625
5527 0 8272
5746 0 3275
4291 0 8551
8883 2394 798
2955 0 6346
3094 0 2746
6170 3417 3417
1877 3060 510
846 0 4742
9337 0 8891
7187 0 3978
7199 0 5623
6951 6480 2160
5978 0 6837
7194 4420 4420
4179 5064 2532
1023 7215 555
5150 0 4862
8327 0 6392
5061 4266 4266
8573 0 3516
7258 0 9056
5110 0 8542
9193 0 6993
1114 0 8862
1425 2135 2135
8215 0 8807
8252 4132 1033
6264 0 9730
9325 0 9781
5653 5734 2867
6147 0 5138
5567 4113 1371
4331 1270 635
368 0 9695
6710 0 9411
5815 0 6149
6945 1353 1353
6439 0 6699
3875 0 9883
9669 0 4178
5626 5218 2609
4824 4824 8
5831 3308 827
9106 0 8971
3273 0 9989
3391 2286 2286
4061 0 4397
141 3059 437
6639 0 1206
8958 0 6481
10 0 9020
2354 3353 3353
225 0 6688
1400 0 6097
889 7240 1810
470 0 3789
1479 2687 2687
7798 0 7048
7184 0 1552
1232 0 8169
6684 3648 608
3510 1467 489
3997 0 7007
7609 0 3330
6073 0 9649
4341 0 8493
2621 0 3914
92 0 9816
5507 800 16
464 0 5577
6407 0 9473
90 2545 2545
657 5980 2990
2375 1213 1213
3231 0 4074
3964 4106 2053
8699 0 9320
8984 0 9219
3471 0 5519
4860 0 6164
592 0 5633
8834 0 6082
8493 4802 4802
6114 0 4794
1325 2773 2773
7182 4472 4472
184 0 6335
1045 0 8648
3611 0 7335
5216 0 8485
6583 0 7860
124 0 6721
3504 0 7364
8950 2968 2968
1236 0 6410
1286 0 6424
8467 0 8556
9346 0 9271
7153 4320 2160
1843 0 6375
1318 0 7239
9833 4290 858
125
778 0 5909
9316 0 6119
8898 0 5693
2135 8190 234
6984 0 4278
1103 0 1512
7627 0 8897
2940 0 6300
8542 3180 3180
1823 0 7313
4057 0 5966
666 0 6838
9836 0 5242
9606 0 3238
9560 0 7581
6626 3806 3806
812 0 2616
2094 0 5504
7839 2790 1395
1059 0 9300
3633 1130 1130
9424 0 5147
8424 0 5055
3160 1680 560
798 1738 1738
4852 4770 795
4703 0 3874
1905 0 1304
6846 3604 3604
7676 0 8370
9975 0 2579
394 0 4062
4815 0 8708
7908 7605 507
4743 2960 1480
6082 0 8463
7233 0 2869
2538 0 4711
4980 5018 2509
2635 0 4540
4350 970 970
7817 0 2955
6286 0 3504
7404 0 8750
1203 3639 3639
782 0 7341
4016 4113 4113
7837 0 9500
4815 8030 803
5331 0 7010
7287 3494 3494
6438 0 9200
5413 0 6290
7428 0 7834
3938 1264 632
7975 0 9831
303 4878 2439
7633 0 6188
7528 0 5995
1151 3190 3190
1797 0 6898
3432 0 8006
9511 0 8338
9154 4431 1477
9173 2691 2691
3217 0 3189
8115 6410 1282
6796 6624 3312
6245 0 8209
8086 0 9835
2003 0 7045
3523 6642 1107
8219 0 8668
8017 0 2312
502 8472 706
93 0 6700
1230 0 9327
981 0 5004
9702 0 6330
5191 0 6598
804 0 9211
1042 4590 2295
8795 0 5531
8898 2432 2432
9942 0 6660
1219 0 4917
8769 4025 4025
7544 0 7706
1038 0 9274
7264 0 4391
4368 0 8807
6653 0 5193
62 0 3063
3055 2159 2159
8700 0 7111
7307 4386 4386
44 0 6698
5432 0 5851
3517 4506 4506
3584 0 9574
6472 0 8353
2450 0 8561
8572 0 3439
8618 6489 927
8889 0 8825
6266 0 9106
5051 1576 788
1400 0 5830
4965 0 7551
3521 0 9167
7264 2740 1370
5587 3515 3515
7240 0 9042
8150 0 6783
2891 0 8217
2697 0 618
6879 0 4655
1414 0 5650
302 2394 798
5581 0 9343
5902 0 8596
5696 0 9350
244 6736 1684
7435 0 6289
338 0 7394
125
4469 0 9637
8127 5600 1400
2515 0 8349
8515 3599 3599
3140 0 6119
393 6276 1569
5105 0 9160
7718 0 6049
8950 0 8680
2752 0 7234
7698 3690 123
8275 0 8534
9294 0 4296
4205 0 8826
3478 0 9376
6741 3442 1721
8840 0 7764
392 0 9027
7003 0 8483
2223 0 3401
8412 2068 2068
3056 0 1759
7585 3568 223
2825 7072 1768
1507 0 2183
5511 0 7081
3839 0 6501
6233 0 7618
3294 0 7450
3050 0 8940
1604 3780 3780
6402 0 4151
2962 0 8126
4325 1065 213
653 0 5377
3039 3754 1877
7853 4337 4337
5992 0 4448
522 2774 2774
8432 6391 581
8273 0 7867
9763 2392 2392
504 0 6786
1964 0 6268
8684 0 3530
4851 4012 4012
6865 0 1217
3633 427 427
4553 3147 3147
8054 4200 168
5716 0 4002
9648 0 3519
3363 8937 993
8150 0 6692
4186 0 6979
7676 2267 2267
5096 4404 4404
2596 0 7107
7839 0 8576
8524 0 9204
1752 5460 910
2345 0 7347
612 0 2896
9037 4768 596
5572 0 6029
8179 0 6053
1457 0 7077
5408 0 9543
3185 0 8863
6019 0 1989
4904 0 2038
3872 0 9736
6617 0 6114
9013 4791 4791
8700 7744 968
5691 0 9494
4149 0 2247
6429 6864 624
930 0 6370
271 1399 1399
7355 0 4688
3894 0 3304
8601 0 7887
7941 0 8043
3436 2294 1147
2626 0 4285
475 0 9271
9979 0 5265
9111 0 7079
1777 3566 1783
1091 1358 679
8057 0 8477
1541 5176 2588
2692 4548 1516
9775 0 8492
9319 0 9597
5694 5097 1699
4928 0 9431
235 0 7598
2580 6740 1685
798 0 9568
6646 0 1745
3415 0 7430
157 0 6586
2588 0 791
529 0 5244
4461 0 9885
8987 0 9625
6701 0 5949
5249 4146 4146
1982 0 7779
3678 0 8948
1633 0 3059
6493 0 5285
5486 0 6826
3807 0 9465
7547 5490 1098
4511 0 8096
1776 0 2521
8235 3568 3568
1075 0 7502
6181 0 9453
7967 4070 370
1578 0 3765
743 6296 1574
125
18 0 9075
8323 0 1316
4877 4466 2233
3467 5467 781
3765 0 2552
6828 0 7555
8137 0 4869
6542 0 6843
4131 0 8321
3887 0 6474
1748 0 5343
7653 0 6663
5320 6940 1388
9192 3801 1267
11 3423 3423
9287 0 9038
1289 0 1402
5823 6825 2275
8766 0 4531
9354 0 7698
1396 0 3397
4223 0 3404
5091 0 6625
7607 0 9202
969 3222 358
5590 0 5978
7856 0 9493
5306 0 8942
1344 0 7749
8069 0 6863
9933 0 5827
464 0 8404
6734 5496 1374
9992 0 6545
7635 4143 4143
2765 4668 2334
1516 0 6198
6103 0 4502
9215 0 4371
2047 0 9586
3421 0 6677
9309 1607 1607
5871 0 6911
2515 6216 1554
8607 3774 3774
5014 3590 3590
3408 0 9265
1806 4152 4152
4555 0 8003
7033 0 8359
3734 0 9444
7390 0 8935
5405 0 2666
5983 0 5602
3776 0 8597
1472 3425 685
5688 0 3653
4119 2952 246
6148 0 2822
4469 0 6917
1074 4718 4718
213 0 7199
7087 0 5824
708 0 5277
4594 5280 880
530 0 2487
2031 3583 3583
3040 0 4873
2747 0 3271
2967 0 7694
2554 0 4965
2705 0 9334
7739 3829 3829
1077 0 4119
2257 5660 1132
8129 0 3638
7448 0 3737
1583 4629 4629
7678 4012 2006
4842 0 4781
4424 0 4001
5216 1456 728
6205 0 6267
4372 0 9971
7702 0 7931
8198 0 1916
7541 1806 1
4297 0 8590
7070 0 3044
7760 0 5833
3893 0 9810
1540 0 1702
5554 5486 2743
9605 0 9807
3427 0 8307
8207 0 2731
1704 0 6995
5068 0 5707
716 0 7610
9108 0 4526
9816 8784 1098
1489 3438 3438
5564 0 4926
2898 0 5155
9200 3734 3734
3291 0 4521
1834 0 8706
567 0 8701
1943 6567 2189
6944 0 618
833 0 4167
2938 0 9115
8160 0 6014
3118 0 6845
2071 1489 1489
2957 0 9221
8862 4155 4155
3439 0 6449
6262 0 3417
8619 0 9431
7812 0 6227
8060 0 5200
4004 7662 1277
4423 0 4467
6734 4356 1452
125
2670 8700 870
2380 4597 4597
964 5192 2596
5045 3540 708
1688 1336 1336
6054 0 7821
2019 0 7486
7765 0 7282
5257 0 9563
9380 0 5088
3024 0 648
9332 0 7466
4218 0 5006
9697 0 1000
2002 0 1712
308 0 8028
2565 0 8235
42 4288 1072
8983 0 793
3079 0 8548
261 0 3973
193 0 6787
3176 0 9396
9795 0 9483
4274 0 3730
6721 5532 1844
7723 4936 4936
8297 2858 2858
8495 4095 819
3557 6650 950
793 3409 3409
7099 0 7381
781 0 7664
3369 6104 3052
634 6480 3240
6595 8245 85
4951 4907 4907
6763 0 2252
3293 2661 2661
9833 2567 151
6657 0 8587
3426 0 8474
4254 0 7651
7261 507 39
5543 4902 4902
3468 0 9378
3053 0 7311
8027 0 9554
6355 0 6942
8619 0 5621
1941 0 9560
645 0 5125
5913 0 7198
4206 0 6530
7011 0 9041
6621 1512 1512
8343 4074 1358
1081 3025 11
7777 0 5577
806 5012 2506
1739 0 5334
4412 0 8751
9853 3423 3423
1577 0 8250
391 0 7077
9780 0 5064
790 9600 192
3158 0 3355
5899 0 7831
2012 0 4020
9124 9450 135
5252 0 5335
7425 294 49
4647 0 4935
8399 0 5013
2208 0 6669
4402 0 8280
1262 0 6899
5160 0 5276
4483 0 5122
4838 4660 4660
7290 5005 1001
57 0 7702
3138 0 2109
7141 0 6392
2052 8162 583
7631 0 9809
4303 7696 1924
3571 0 9725
5313 0 9696
8029 0 6443
824 0 2797
4629 0 8987
3025 0 8151
6561 3511 3511
4426 0 6476
211 0 7096
4844 0 9288
8951 4908 4908
7419 3584 3584
3299 0 9149
4274 0 9154
8201 0 5096
7055 0 9802
5281 0 5800
7629 5178 1726
1463 3798 633
5874 6507 2169
9666 4068 4068
6776 2040 510
4627 4605 4605
6544 0 6522
2438 0 7575
8797 0 7320
7501 6126 2042
7124 2885 2885
5520 0 3576
3470 2903 2903
4498 0 6546
5798 1509 1509
9538 0 3595
1955 6928 1732
2637 5985 1995
9742 3611 3611
3645 2545 2545
125
6368 0 7514
9676 0 6399
8354 3578 1789
7543 0 7998
8241 4203 1401
6851 0 4540
8431 0 6976
5484 4424 4424
562 0 2624
2980 0 9177
5147 3491 3491
6677 0 6042
4465 0 8571
8189 0 2836
6059 606 606
9627 3480 3480
7896 1800 1800
8307 4159 4159
558 2502 1251
4005 0 8425
8034 0 3026
6789 2303 2303
9450 0 6259
3552 0 7850
7608 4830 4830
5979 4557 651
4242 2007 669
3217 4996 4996
5184 0 9536
8160 0 5202
9335 0 6695
6584 0 2198
3207 2807 2807
9058 0 5517
6550 0 9434
8678 2117 2117
5786 0 7914
2925 6030 335
5858 0 2444
5238 0 3478
5095 0 5518
9620 5229 581
2938 0 9361
5993 0 4740
6998 0 7675
6601 0 8231
3921 5640 2820
4972 3426 1713
5270 3165 3165
3067 0 8369
216 0 5554
8816 8282 202
3490 6325 575
5731 0 5896
729 0 7399
2445 0 8040
696 0 4866
2480 3966 3966
791 2438 1219
6934 7845 1569
4592 4696 4696
3405 0 9326
1705 0 6042
4462 6744 2248
7108 0 2657
9406 7296 608
6978 0 5994
7193 0 6965
7452 0 6921
4713 2302 1151
425 3382 3382
7868 2005 2005
680 0 8843
9589 8388 932
9705 2682 1341
5133 0 5583
5125 2916 2916
2101 0 7035
7139 0 9158
5525 0 5999
1145 0 5609
8230 8514 66
6441 0 5614
8453 0 3270
3522 4544 4544
4339 1896 474
8451 0 9652
284 0 9624
9849 8437 767
7703 6065 1213
184 5376 1792
7040 0 8610
8041 0 7965
3066 2751 393
5064 0 6970
9705 6705 447
8690 5586 798
9052 3404 3404
3098 3738 3738
801 0 5719
892 3124 3124
3860 0 4951
8206 0 5056
3230 4020 1340
4931 6060 3030
9175 0 8919
1353 8554 658
4985 0 3179
7822 5188 2594
6063 0 8364
4544 0 6511
4241 4350 1450
3848 9600 320
7222 0 2623
6122 1659 1659
8904 0 8814
8380 0 9280
1965 0 9660
3313 6608 1652
2733 0 3413
1017 0 6882
4240 0 6788
4066 0 1273
8489 0 8666
3164 5559 1853
125
6585 4964 4964
2944 0 6522
8742 0 5175
6562 0 9885
8402 0 9796
9452 0 7941
2768 0 4332
451 1611 1611
5312 3548 887
2292 0 5198
2348 0 5755
3979 0 9043
7451 1143 1143
1976 0 9343
4173 3375 3375
2165 5500 275
3089 0 5627
9021 0 9583
5745 0 4946
438 0 6203
2081 5370 2685
9175 5025 67
4637 5386 2693
8743 0 9019
9792 3783 1261
6976 4881 4881
1993 452 452
7118 6344 1586
3066 0 8852
5367 212 212
5941 0 9447
3999 0 7921
5504 4478 4478
2701 0 3986
5893 0 8165
2502 6012 1503
9191 3004 1502
550 0 7063
796 0 1563
124 2266 2266
2101 1380 138
2494 0 5389
5850 0 9662
2285 0 8498
1625 0 3780
2780 0 8579
1759 0 4723
8292 0 5645
2372 8408 1051
2074 0 7007
8998 0 4724
9955 0 3979
4616 1377 1377
6291 0 5366
5658 2012 2012
386 0 8278
5326 0 7336
2776 0 7942
1999 0 5948
1798 0 9158
2798 4058 4058
1740 4156 4156
7884 0 5231
5088 0 5345
741 4455 4455
480 8816 232
270 0 3444
7415 0 5795
7493 0 4900
2467 0 878
6415 0 3055
4036 0 7345
5061 0 5641
6242 3300 1100
9379 0 9563
1809 0 9401
1944 2343 2343
7705 4444 4444
5601 0 5493
6018 0 9501
2965 0 9264
3917 4471 4471
8060 5775 1925
152 0 4136
1722 4848 808
1690 3045 3045
6323 5985 95
1639 0 7757
7902 3961 3961
9681 0 7030
7209 6870 687
3861 0 3368
2035 0 3824
631 0 7261
7602 5853 1951
473 0 5652
4982 0 8603
7660 0 8858
622 2655 885
6131 0 235
5996 0 9635
4273 0 9734
1332 6171 2057
9932 9300 155
4850 0 6062
8556 0 5591
8120 6518 3259
447 0 2350
3073 0 4764
9393 0 3633
9856 0 9402
3518 0 4429
8856 0 9932
2273 0 5083
8835 0 8926
3395 1738 1738
2420 3446 3446
4321 0 2978
428 0 7694
870 0 4894
9274 0 7711
158 0 1043
6697 5916 1479
418 3324 1662
6708 4617 4617
125
9598 0 6669
7089 5412 1804
4857 8126 478
7296 0 9191
413 0 6925
814 4920 4920
3272 4188 1396
6695 0 9804
2242 0 9365
4286 0 7998
7764 2745 2745
4791 0 7738
664 0 938
5226 0 8069
179 3516 3516
7137 1926 642
3109 0 9485
2901 6328 14
6862 0 8832
3375 4751 4751
9365 0 9760
5738 0 5747
3003 4729 4729
6843 1249 1249
156 3759 3759
8094 6716 1679
8050 0 832
1199 0 9827
4835 0 4265
2508 0 5872
9663 6556 3278
7872 0 9907
1129 0 9835
3870 0 9247
6501 3215 643
5975 0 6511
4740 4596 4596
5319 0 5253
9781 0 5509
1841 0 3114
3964 0 9568
6909 0 6447
9850 0 5457
9191 0 6737
448 4278 4278
895 0 5140
1499 0 6183
4577 4678 4678
8475 0 6162
1404 0 7898
6791 0 9416
4744 4437 4437
8988 6370 3185
3068 0 4664
8845 8036 1148
3874 0 9745
5311 7946 137
4278 0 9529
7445 2284 2284
7131 0 7028
6063 0 5532
1817 6377 911
745 0 8182
9724 0 9365
3427 3812 3812
6622 0 6988
8177 0 6689
4444 0 8484
7550 2722 2722
8562 7406 1058
7117 859 859
9182 0 7158
5331 3318 3318
6944 5590 2795
5591 0 8631
9306 0 3208
8449 3264 3264
5763 0 6926
8769 0 7426
4101 0 6540
1032 3289 299
3379 5856 2928
9969 6086 3043
6378 7872 1312
6999 4037 4037
6642 0 4941
8068 3852 1284
661 0 5245
4259 5264 2632
1907 0 7062
237 6924 1731
4248 0 5812
3411 0 5696
3970 0 3459
948 0 6858
9361 0 9513
9897 1540 385
5180 0 3774
9599 0 5944
5635 0 6453
4507 242 242
3185 7235 1447
4953 0 4223
6627 6216 3108
5158 7205 655
6749 0 9183
3158 0 7651
9935 2783 2783
4318 0 2627
6108 0 3808
4030 0 7484
2516 0 9360
8057 0 8333
1706 4985 4985
4577 4694 4694
3401 0 7209
7305 8100 108
5223 3164 3164
3420 0 7488
3092 0 8351
9213 0 8448
3717 3678 3678
2678 0 7270
2447 4144 4144
3374 0 2778
125
7595 3232 808
4719 3490 3490
1412 0 7787
4480 7520 752
6566 8052 732
6747 2958 1479
8233 0 8410
299 0 3909
3886 0 3725
1414 1968 984
791 8602 506
7030 0 6661
1817 0 5946
8891 0 6965
8470 2869 2869
8506 0 7292
4433 0 6852
9728 0 6657
2194 0 7133
8549 6555 1311
3361 0 8941
127 0 6977
2176 0 3597
1541 0 8243
3561 0 7056
6641 0 5834
6666 3171 151
9947 0 4248
6497 0 5265
1785 0 5019
1389 0 7757
5586 0 1513
1561 0 7913
9573 0 5669
6187 0 5135
740 4124 1031
9363 0 7235
8762 5694 1898
7589 8532 474
1636 7990 1598
8798 4005 89
3787 0 5120
8198 0 4831
7687 4517 4517
6617 0 6733
5808 0 6479
6817 0 5874
2960 5160 215
731 0 5312
9071 3733 3733
8805 4088 4088
5278 0 6076
204 0 7901
5242 0 7632
3211 0 3397
2856 6256 272
2768 0 6115
416 6450 645
1904 0 5226
957 591 591
9866 3601 3601
6148 0 7607
6132 0 6276
1720 0 5474
3432 9336 389
6678 0 9240
648 0 2603
1640 2911 2911
2454 0 7364
8746 0 9971
6039 972 486
6910 4542 2271
7480 3566 3566
1574 2445 2445
6502 0 3073
682 0 5074
2957 0 9047
203 0 4509
5219 0 8017
4097 3393 3393
9269 7616 952
1485 0 7834
5588 0 5481
5672 0 7247
7613 3971 3971
7830 0 804
8338 0 6032
8983 0 9433
1916 0 4322
4886 0 5554
4309 0 5201
2381 0 3825
7464 6138 2046
3476 1006 1006
268 0 8531
9350 2725 2725
7671 5350 1070
5748 3526 3526
6370 0 9475
9969 0 5292
6955 4977 4977
2481 4210 4210
2310 4307 4307
5203 6880 1720
2931 6168 2056
3019 2891 2891
7676 0 3335
9159 0 7650
7690 6272 3136
4768 0 7279
2272 0 3280
22 0 8519
1123 0 9939
2608 0 7858
400 0 8995
993 0 7613
9137 0 8843
2434 2490 498
9868 0 8087
7393 4900 2450
7107 3712 1856
9361 0 8677
7622 3840 1280
3102 0 5303
4076 2838 258
125
7413 2799 2799
9883 0 8990
2556 0 5453
3911 0 4097
3843 4380 1095
4063 0 5838
4520 3496 1748
5898 0 5660
8789 3629 3629
8258 2664 222
7385 7833 1119
5348 0 9248
87 7176 2392
701 4085 4085
697 0 9947
115 0 5956
8894 0 9843
4917 0 7043
7661 0 5078
1238 0 7372
7775 0 7586
3952 0 9141
7344 7424 1856
3762 0 9776
9419 0 6820
410 0 4477
8150 0 3517
9801 0 9750
4910 0 6465
619 0 8082
7066 0 4601
7177 4112 257
6114 0 4493
2963 4996 4996
3857 0 5607
7602 4772 4772
57 1140 285
8505 0 6043
9727 0 6581
6129 0 6364
2402 0 9101
6877 0 5931
4060 6528 136
8157 5262 1754
3582 0 4345
384 8662 122
2381 0 9696
8012 0 8504
8242 0 9170
350 0 5342
9347 0 9059
555 0 7650
3451 0 5811
3852 4669 4669
5923 4210 4210
8243 3350 3350
9378 606 606
5678 0 7894
9779 0 6460
3055 0 8801
5320 0 4810
6675 6980 1745
8293 0 6268
8045 0 6206
4482 0 9933
315 0 6571
4339 4873 4873
9249 0 4813
3674 0 3420
6432 0 4412
1859 0 4476
5907 2475 2475
6984 3394 1697
2105 2692 2692
8536 0 8848
2960 2347 2347
806 0 9789
5821 0 872
5595 5832 1944
2773 5954 2977
7523 4472 1118
390 5905 1181
7431 0 3358
2484 3619 3619
7061 0 9393
2208 0 7697
9927 0 5903
8994 5778 1926
6250 6800 1700
6707 0 6298
11 0 5155
2866 4305 4305
6270 0 1642
867 5688 948
482 0 5222
9594 0 8894
5795 0 5286
8840 0 9033
2483 0 5433
4347 5667 1889
9345 0 2947
11 3636 1212
930 6252 3126
2146 0 8734
775 2432 2432
7587 0 9612
1835 0 7594
4082 0 9980
5047 0 9837
7749 0 5878
2028 0 8759
7024 0 7648
4142 0 8773
8273 3430 343
1550 0 9484
9004 4256 2128
8358 0 6970
6884 0 7585
1880 6846 978
4754 0 4463
7976 1396 698
8548 4514 4514
9885 0 4416
419 0 7528
2906 0 5799
125
5789 0 4392
6908 4550 4550
1477 4911 4911
2864 5424 2712
3015 0 7206
4303 0 9429
9535 0 6920
7084 2966 1483
1940 0 6770
5762 4938 4938
6863 7476 2492
3790 0 5799
3357 0 3840
7042 3670 3670
3684 0 3222
8847 0 5291
4066 1545 1545
173 0 5274
624 4796 4796
7049 0 3612
4240 4302 2151
1567 2604 2604
1307 0 7143
9548 0 1656
7028 0 3242
8752 5148 572
5932 2121 2121
4585 0 9169
2736 6748 964
7234 0 6298
7230 6520 1630
9039 3645 3645
3246 0 2253
8317 0 3684
1070 0 7818
9328 0 6899
3215 0 9087
7812 0 5048
5765 0 6517
3126 4938 1646
4532 3776 3776
6345 660 110
2398 0 2612
5478 0 6688
112 0 9326
9117 9690 285
7597 0 9451
1466 0 5846
621 4134 4134
7339 0 8665
4814 0 7457
9671 4850 4850
8509 4754 4754
5665 0 9155
3312 0 6917
9602 0 7747
9274 3634 3634
1459 0 9823
8691 0 8958
2457 0 4978
1558 5188 1297
4015 5142 1714
9426 0 6376
4698 0 6496
9244 4132 4132
2046 0 4852
4317 0 2839
6975 2394 266
821 0 5477
6057 0 2203
5 0 5001
7843 0 2963
8385 0 7821
6423 0 9949
4915 0 8124
4456 0 8506
9752 5469 1823
9756 0 4631
888 0 6523
6736 0 5180
519 4630 463
6242 0 7464
6669 3600 600
8024 0 5181
7914 0 7830
3588 0 9266
4507 4510 4510
9209 0 7114
8061 5769 1923
5723 8208 76
3098 0 7018
5378 6640 415
2034 6240 780
6028 3811 3811
9475 0 4213
4502 0 6564
8739 0 7096
4792 0 7636
1439 3563 3563
4367 0 8974
660 0 837
7262 0 6068
227 0 5572
1087 4625 4625
3457 2960 1480
4592 0 3508
9069 0 9757
8136 0 9405
6324 0 5853
2151 6594 2198
3783 0 9083
6864 0 5745
1946 0 8165
2786 0 6002
268 0 6258
2332 0 5184
7292 5730 2865
3218 3116 779
7070 0 2222
3703 0 8681
7310 0 5294
1952 0 4196
5662 0 8909
8967 8334 1389
5146 0 5087
125
5581 3380 3380
3591 6972 2324
6476 0 2764
7207 3480 116
1659 3972 1986
6277 0 8992
3418 0 6735
3473 0 8128
4429 0 2643
312 0 7306
1614 0 9641
5126 0 7986
1455 0 6584
899 0 8764
5981 0 7512
5967 0 6639
7584 0 7320
6292 0 1237
813 0 7664
6780 0 5096
7190 0 3241
2281 0 8335
4665 0 5216
543 0 6476
1188 2460 820
5450 9408 96
7448 4855 4855
2815 0 6565
2080 2986 2986
9842 0 9090
8788 8806 119
1353 7130 310
1918 0 7485
8849 0 6182
2720 0 5559
525 0 8938
258 0 5346
7138 0 8569
2485 4995 1665
5956 0 6666
5271 6357 163
6336 0 9243
2707 0 5015
6660 0 1881
8127 8346 642
5360 0 4354
9158 0 7527
8654 7191 799
4234 0 6644
1068 0 9165
5868 0 6314
5425 4716 4716
2592 7168 256
1153 0 8716
2448 3627 403
5761 0 9181
2099 0 7966
2067 7227 657
25 0 3156
961 0 8040
6992 0 7565
5113 0 5083
2307 7152 1788
7254 0 5406
8091 0 3751
3929 0 9916
442 0 8182
7088 0 6327
2692 4405 4405
8196 6026 3013
4073 4553 4553
3340 0 5981
5361 2214 369
6325 0 9224
9193 0 3201
5481 0 3427
9738 0 3710
5754 6615 735
9334 0 5070
9884 0 8759
3311 0 9029
3056 0 5161
4877 3906 651
4672 0 8801
7812 0 6309
890 4397 4397
5038 0 1992
7141 0 5752
5412 5524 2762
4958 0 9362
587 0 6519
4140 0 7330
5838 0 5656
9733 0 8151
9316 0 9864
3135 0 7584
9760 6580 1316
1092 0 3217
7520 3028 3028
7361 0 8476
1786 0 4409
2932 0 4594
5857 2196 2196
7467 0 9957
9444 0 9647
66 1764 294
990 4953 4953
2420 0 6328
8792 2530 2530
5303 6711 2237
3774 3063 1021
2482 0 6984
7651 0 5488
8547 7146 2382
9968 0 9169
7314 0 3303
1773 3204 3204
1339 0 4925
4678 4654 2327
7417 4980 1245
5559 0 8008
1916 0 7502
6860 7686 366
7927 0 6559
8690 0 5313
125
1681 0 3235
105 9234 486
5040 5850 1170
9117 0 8782
5187 3981 3981
7705 0 1123
3512 0 2521
7897 4084 4084
2268 0 9348
3069 0 6846
7741 0 8360
6844 0 4111
931 2454 2454
3030 4611 4611
1676 0 7504
1311 4452 1484
6209 0 9195
3590 3491 3491
521 0 7798
6609 0 7650
8450 0 9495
6485 0 5831
2468 0 7045
1115 4476 4476
8499 5733 1911
2703 4040 4040
2758 3961 3961
8272 3699 1233
2508 0 6767
1860 0 5884
5555 0 7283
968 0 5300
6825 0 5155
5736 0 7093
6140 0 5218
6462 0 3822
292 0 9002
6632 7052 41
8212 0 8434
7571 0 2588
9430 5808 968
2401 0 6476
2222 7548 1887
3794 2988 1494
3087 0 3154
9347 4560 190
9688 3958 3958
2216 0 3913
6880 0 3222
6581 8298 1383
8084 0 7573
4266 0 9799
2082 1833 1833
642 0 7933
4505 6672 1668
4115 0 8408
8006 0 8566
1012 8613 783
4379 7464 933
9794 0 4988
6849 2484 2484
6789 0 9557
8731 0 5287
3338 4994 2497
7664 2538 2538
2778 0 8066
7249 518 518
7638 5352 1338
2541 1916 1916
567 0 5008
6798 4366 2183
5265 1349 1349
7075 0 6338
9086 6855 2285
4579 0 6317
3102 3323 3323
9800 6992 368
8470 4489 4489
7982 4640 4640
7018 6522 3261
8657 0 6724
9788 0 7118
1350 0 5505
3262 4010 4010
1864 7266 2422
8044 2645 2645
6341 4674 4674
3758 2940 420
7582 0 9156
9359 0 1565
8661 0 5689
6869 0 8133
7769 3797 3797
9721 0 5002
6227 0 8904
9045 0 7604
9658 0 7881
8492 3800 380
2962 0 9532
5817 0 8242
5590 0 6061
6014 2774 1387
1804 4316 4316
2527 0 6468
4284 0 6620
5719 0 7694
2258 0 3519
2179 4590 2295
4289 0 8511
8757 4475 4475
2129 0 7026
2039 0 5613
7378 0 8832
3761 6122 3061
2969 0 3116
9451 0 9796
766 1619 1619
2659 0 6026
5158 0 3870
6203 0 8996
7707 0 2688
7663 0 8794
4929 0 5085
5839 0 9219
5090 0 9572
125
4065 0 6420
976 0 9339
8966 0 7058
1594 0 7252
9782 0 4012
2507 0 6064
4753 0 9616
3279 0 4415
5776 2333 2333
5580 0 7366
3453 4305 1435
4304 0 6937
5870 0 6912
9078 0 4028
2434 8214 1369
6885 8484 1414
3436 3385 3385
3271 0 6685
9556 6332 3166
6930 3029 3029
6380 5278 2639
8924 3773 3773
4104 0 8585
5818 0 2635
7895 4904 4904
7493 5060 220
9491 0 9257
2655 8742 94
7834 0 9477
4799 3817 3817
1165 0 3929
1222 0 9263
1597 3946 3946
2264 0 6365
1317 0 3271
2192 0 8284
2187 0 7370
9707 0 5004
3601 0 7136
4270 0 6486
2762 0 6127
2223 5736 2868
4192 3354 258
182 0 9166
2965 0 8620
631 0 5575
6503 0 6846
7012 0 6694
8222 3566 3566
4668 5006 2503
8577 0 8026
1145 0 8020
6387 0 671
3321 0 6486
5698 0 6776
4107 3636 3636
6345 0 6330
7027 0 5762
6875 0 8889
5052 0 8803
3450 0 2108
6200 0 9568
6086 0 5963
4596 3456 144
2863 2940 2940
5614 0 4704
5924 3595 3595
1839 4085 4085
1454 0 6254
6911 0 7633
9478 0 4781
7423 0 9755
6293 0 8853
4137 0 3429
4568 7548 148
5420 0 3726
4747 0 7484
5594 0 9573
110 0 3667
2448 0 5138
8116 4839 4839
374 6182 3091
4959 0 9156
3842 5588 2794
4731 1448 362
8802 3272 409
7895 0 3856
3694 0 4819
4354 5810 2905
8334 0 5245
41 0 3949
3636 6576 2192
320 0 4149
7180 1365 1365
8164 0 4157
318 6510 2170
499 7483 1069
2042 0 9758
8048 0 9713
2373 8514 946
9596 397 397
3416 0 4599
155 0 5711
3817 0 1622
9002 0 8168
571 0 1952
164 4232 4232
2435 0 6327
3014 4986 4986
1667 0 9973
478 0 6376
1782 0 872
3595 0 7658
8754 0 8243
6665 4306 2153
5356 0 9708
6607 0 8423
7922 4384 1096
445 3831 3831
6718 1626 1626
1916 796 796
5257 2947 2947
2634 0 9448
5262 3472 496
9273 7764 1294
125
1277 0 6567
9107 0 3209
7043 0 4181
6568 9612 356
5785 0 2944
4370 0 5046
1517 0 6658
1667 0 5148
2674 0 9186
7237 0 8896
8110 6612 1653
1253 4258 4258
5015 0 4898
8699 0 6659
7013 0 3513
2280 4581 4581
3908 0 9347
2219 2480 2480
9678 0 4651
767 0 5918
5226 4908 2454
3646 0 9391
201 0 8029
9830 4830 805
1512 6540 1635
6092 0 6629
5966 0 8416
9341 0 2789
2550 0 5115
1493 0 8925
6868 0 6243
9537 6524 233
1322 0 5148
2418 0 7526
7139 6732 561
7045 1810 1810
3157 7696 296
2712 0 9476
4117 6559 937
8906 0 5682
5132 0 6718
4297 0 2657
9695 0 9893
4141 0 4324
176 1405 1405
7852 0 6349
6864 4900 980
3492 0 716
6463 0 9780
7306 0 2213
3205 2070 1035
613 0 3980
9816 7132 1783
5275 3053 3053
3698 0 9044
4918 0 4143
4841 0 7157
7904 0 6787
2395 6478 3239
116 6362 3181
7104 6588 3294
6283 0 4740
7295 0 8818
1785 4789 4789
4323 1285 1285
6377 3780 1890
5027 0 7902
8235 6632 3316
7817 0 5228
5402 0 9615
6679 0 8927
894 3115 3115
2155 4670 467
1788 0 1749
2701 662 662
9046 0 7412
3128 2768 346
5006 0 8030
4807 0 6462
7523 4963 4963
6758 5566 2783
7719 0 9236
6570 0 4425
2076 0 7390
2391 3270 1090
8593 4068 452
5358 0 7604
8611 0 6043
2650 6258 2086
4428 7220 1805
9566 0 3622
7365 0 7878
8094 0 8937
4245 4723 4723
9021 3386 1693
7414 0 8120
6960 0 9942
8468 0 8896
2798 0 7340
9080 0 6634
7198 0 4178
7928 1575 1575
44 0 8658
1203 3640 3640
1262 0 6198
4070 5384 2692
4596 0 6341
6167 4996 4996
6865 0 7405
680 0 7819
7074 0 4232
5562 4372 2186
9190 0 9182
8085 0 9717
9607 0 6613
4482 0 5634
7679 3386 3386
1719 0 4240
6199 3038 3038
4620 0 6963
1007 0 2649
7581 0 5910
7070 0 7487
5706 0 8386
7541 2141 2141
0
